0.004452
0.012320
0.003949
0.012602
0.004270
0.011897
0.003833
0.012228
0.004361
0.012655
0.003531
0.012745
0.003233
0.012667
0.003722
0.013511
0.003929
0.013280
0.003623
0.011840
0.003843
0.012706
0.037302
0.012774
0.003909
0.013265
0.003766
0.012938
0.004073
0.012846
0.003755
0.012890
0.003778
0.012309
0.004031
0.012024
0.003965
0.013115
0.003659
0.013200
0.004008
0.013467
0.003985
0.013252
0.003739
0.014088
0.003797
0.013197
0.013870
0.013686
0.003991
0.013677
0.004023
0.013203
0.013600
0.003748
0.013467
0.004127
0.013306
0.004203
0.013534
0.003459
0.012610
0.003306
0.012682
0.003706
0.013091
0.003644
0.013232
0.004184
0.013094
0.013551
0.003677
0.013435
0.003809
0.012608
0.003743
0.012791
0.012609
0.003637
0.012436
0.003322
0.012407
0.012499
0.002997
0.012354
0.003558
0.011986
0.004044
0.012195
0.003856
0.011329
0.003468
0.011371
0.003930
0.011378
0.004030
0.012633
0.003894
0.012124
0.003305
0.011515
0.043401
0.010938
0.011639
1660120.500000
0.012306
0.003620
0.004452
0.012320
0.003737
0.012602
0.004069
0.011897
0.003832
0.012228
0.004159
0.012655
0.003531
0.012745
0.003233
0.012667
0.003722
0.013511
0.013280
0.003757
0.011840
0.004007
0.012706
0.004010
0.012774
0.003910
0.013265
0.003767
0.012938
0.004073
0.012846
0.003755
0.012890
0.003777
0.012309
0.004031
0.012024
0.003965
0.013115
0.013200
0.013467
0.013252
0.014088
0.003797
0.013197
0.003533
0.013870
0.003793
0.013686
0.013677
0.003814
0.013203
0.003371
0.013600
0.013467
0.004127
0.013306
0.004203
0.013534
0.003459
0.012610
0.012682
0.003706
0.013091
0.003644
0.013232
0.004184
0.013094
0.003670
0.013551
0.013435
0.003809
0.012608
0.012791
0.003535
0.012609
0.003637
0.012436
0.003515
0.012407
0.003801
0.012499
0.012354
0.011986
0.003978
0.012195
0.003856
0.011329
0.003736
0.011371
0.056073
0.011378
0.003821
0.012633
0.012124
0.003305
0.011515
0.003754
0.010938
0.011639
0.004119
0.012306
0.003427
0.012223
0.003389
0.011715
0.011490
