0.041805
0.024670
0.039197
0.025663
0.040662
0.024845
0.042573
0.025306
0.041183
0.024854
0.042751
0.024888
0.038017
0.025359
0.040027
0.025063
0.041803
0.024953
0.039043
0.024350
0.039730
0.024635
0.039040
0.024847
0.039154
0.025322
0.040692
0.025102
0.041808
0.024662
0.041537
0.024809
0.040556
0.024551
0.041713
0.024079
0.040169
0.025020
0.041946
0.024903
0.042657
0.024972
0.039895
0.024822
0.040065
0.025224
0.040862
0.025123
0.042173
0.025363
0.041138
0.024888
0.040096
0.025111
0.040573
0.025605
0.041943
0.025411
0.040619
0.025042
0.040204
0.025372
0.042598
0.025199
0.039034
0.024996
0.041195
0.024526
0.039415
0.024542
0.041687
0.025027
0.040359
0.024716
0.039820
0.024909
0.038031
0.024452
0.039033
0.024596
0.039834
0.024285
0.038188
0.024400
0.039697
0.024162
0.040392
0.024321
0.040561
0.024434
0.036562
0.024200
0.038571
0.023554
0.040955
0.024030
0.040351
0.024290
0.038070
0.024330
0.039802
0.024179
0.038199
0.023893
0.042150
0.023705
0.040595
0.023651
0.040918
0.023199
0.040058
0.023784
0.039815
0.024030
0.040475
0.041805
0.024670
0.039197
0.025663
0.040662
0.024845
0.042573
0.025306
0.041183
0.024854
0.042751
0.024888
0.038017
0.025359
0.040027
0.025063
0.041803
0.024953
0.039043
0.024350
0.039730
0.024635
0.039040
0.024847
0.039154
0.025322
0.040692
0.025102
0.041808
0.024662
0.041537
0.024809
0.040556
0.024551
0.041713
0.024079
0.040169
0.025020
0.041946
0.024903
0.042657
0.024972
0.039895
0.024822
0.040065
0.025224
0.040862
0.025123
0.042173
0.025363
0.041138
0.024888
0.040096
0.025111
0.040573
0.025605
0.041943
0.025411
0.040619
0.025042
0.040204
0.025372
0.042598
0.025199
0.039034
0.024996
0.041195
0.024526
0.039415
0.024542
0.041687
0.025027
0.040359
0.024716
0.039820
0.024909
0.038031
0.024452
0.039033
0.024596
0.039834
0.024285
0.038188
0.024400
0.039697
0.024162
0.040392
0.024321
0.040561
0.024434
0.036562
0.024200
0.038571
0.023554
0.040955
0.024030
0.040351
0.024290
0.038070
0.024330
0.039802
0.024179
0.038199
0.023893
0.042150
0.023705
0.040595
0.023651
0.040918
0.023199
0.040058
0.023784
0.039815
0.024030
0.040475
0.023556
0.040823
0.023187
0.041562
0.023350
