0.044928
0.158062
0.048951
0.160317
0.021970
0.144906
0.039768
0.143577
0.036718
0.152245
0.065403
0.170207
0.077495
0.137573
0.050379
0.156964
0.057389
0.138064
0.043791
0.146279
0.037088
0.166929
0.046673
0.160062
0.042793
0.170239
0.041480
0.155602
0.036808
0.145562
0.040523
0.147656
0.035845
0.110464
0.033559
0.154481
0.032011
0.109840
0.023593
0.130973
0.042764
0.137632
0.040666
0.147881
0.049730
0.144241
0.039598
0.148858
0.041118
0.163944
0.044090
0.143058
0.035569
0.178043
0.027474
0.127435
0.028462
0.176157
0.044275
0.211885
0.044135
0.187081
0.037916
0.193411
0.024440
0.132541
0.036492
0.140094
0.032964
0.176811
0.050030
0.179699
0.037084
0.195449
0.022831
0.196844
0.033073
0.197788
0.036205
0.184362
0.038963
0.193021
0.041513
0.196204
0.039766
0.191284
0.054938
0.229685
0.054273
0.155010
0.062782
0.158289
0.046925
0.197804
0.043603
0.155626
0.047427
0.157397
0.048296
0.186855
0.065515
0.181725
0.051535
0.183851
0.042561
0.177572
0.030296
0.147937
0.054414
0.184087
0.048485
0.187104
0.044857
0.160318
0.055094
0.044928
0.158062
0.048948
0.160279
0.021941
0.144922
0.039775
0.143679
0.036718
0.152245
0.065249
0.170222
0.077297
0.137550
0.050371
0.156868
0.057386
0.138075
0.043797
0.146051
0.037080
0.167302
0.046673
0.160062
0.042797
0.170253
0.041480
0.155602
0.036801
0.145568
0.040532
0.147483
0.035848
0.110269
0.033565
0.154664
0.032004
0.109815
0.023607
0.131004
0.042759
0.137624
0.040671
0.147982
0.049732
0.144219
0.039598
0.149059
0.041120
0.163812
0.044093
0.143113
0.035570
0.178262
0.027476
0.127461
0.028491
0.176118
0.044272
0.211839
0.044146
0.186618
0.037916
0.193379
0.024444
0.132349
0.036491
0.140290
0.032970
0.176824
0.050043
0.179436
0.037081
0.195807
0.022834
0.196791
0.033065
0.197908
0.036205
0.184362
0.038959
0.193058
0.041513
0.196204
0.039770
0.191048
0.054942
0.229645
0.054275
0.155030
0.062782
0.158289
0.046931
0.197741
0.043601
0.155489
0.047429
0.157262
0.048292
0.186993
0.065515
0.181725
0.051531
0.184088
0.042564
0.177285
0.030061
0.147557
0.054410
0.184265
0.048485
0.187104
0.044853
0.160565
0.055094
0.192236
0.048141
0.170489
0.043866
0.177998
