0.037324
0.022305
0.037928
0.023163
0.033981
0.023457
0.036036
0.022952
0.036247
0.023457
0.035424
0.022892
0.037565
0.023810
0.038499
0.022768
0.038996
0.022892
0.037395
0.022384
0.035531
0.023089
0.037060
0.023188
0.037338
0.023787
0.036029
0.023383
0.034266
0.022900
0.036972
0.023292
0.035936
0.022484
0.037849
0.022987
0.037338
0.022025
0.035541
0.023202
0.035844
0.023451
0.037716
0.024226
0.037687
0.023936
0.037215
0.023737
0.036220
0.024226
0.037755
0.023936
0.038495
0.024200
0.035676
0.023936
0.032167
0.023952
0.037625
0.023658
0.035456
0.023362
0.037205
0.023362
0.034427
0.022739
0.039517
0.022336
0.036641
0.023292
0.037464
0.023189
0.038223
0.022987
0.033925
0.023292
0.034698
0.023005
0.037799
0.022749
0.037736
0.022272
0.035753
0.022664
0.038091
0.022272
0.034726
0.022722
0.036472
0.022337
0.035691
0.022375
0.035628
0.022707
0.037353
0.022367
0.035593
0.021608
0.037572
0.022024
0.037432
0.021716
0.037748
0.022822
0.039479
0.022064
0.032564
0.022405
0.040175
0.021481
0.040744
0.021719
0.037670
0.022348
0.040000
0.037324
0.022305
0.037928
0.023163
0.033981
0.023457
0.036036
0.022952
0.036247
0.023457
0.035424
0.022892
0.037565
0.023810
0.038499
0.022768
0.038996
0.022892
0.037395
0.022384
0.035531
0.023089
0.037060
0.023188
0.037338
0.023787
0.036029
0.023383
0.034266
0.022900
0.036972
0.023292
0.035936
0.022484
0.037849
0.022987
0.037338
0.022025
0.035541
0.023202
0.035844
0.023451
0.037716
0.024226
0.037687
0.023936
0.037215
0.023737
0.036220
0.024226
0.037755
0.023936
0.038495
0.024200
0.035676
0.023936
0.032167
0.023952
0.037625
0.023658
0.035456
0.023362
0.037205
0.023362
0.034427
0.022739
0.039517
0.022336
0.036641
0.023292
0.037464
0.023189
0.038223
0.022987
0.033925
0.023292
0.034698
0.023005
0.037799
0.022749
0.037736
0.022272
0.035753
0.022664
0.038091
0.022272
0.034726
0.022722
0.036472
0.022337
0.035691
0.022375
0.035628
0.022707
0.037353
0.022367
0.035593
0.021608
0.037572
0.022024
0.037432
0.021716
0.037748
0.022822
0.039479
0.022064
0.032564
0.022405
0.040175
0.021481
0.040744
0.021719
0.037670
0.022348
0.040000
0.022725
0.041000
0.021919
0.039247
0.021732
