0.005414
0.014705
0.004866
0.015271
0.005270
0.014992
0.005079
0.014863
0.005344
0.015448
0.004574
0.015168
0.004211
0.015729
0.004860
0.015625
0.004927
0.015401
0.004566
0.014648
0.004923
0.015162
0.005258
0.015234
0.005032
0.015630
0.004898
0.015600
0.005382
0.015221
0.004867
0.015260
0.004969
0.014667
0.005268
0.014543
0.005131
0.015025
0.004864
0.015444
0.005112
0.015607
0.005204
0.015728
0.004927
0.015971
0.004856
0.015617
0.004675
0.016194
0.004945
0.015958
0.005405
0.016067
0.005084
0.015949
0.004462
0.015977
0.004894
0.016013
0.005472
0.015495
0.005526
0.015606
0.004711
0.015056
0.004129
0.015034
0.004979
0.015427
0.004744
0.015503
0.005588
0.015203
0.004783
0.015636
0.004777
0.015462
0.005094
0.014817
0.004827
0.014757
0.004722
0.014716
0.004735
0.014568
0.004336
0.014660
0.004936
0.014605
0.003932
0.014526
0.004724
0.014228
0.005161
0.014322
0.004972
0.014024
0.004628
0.014160
0.005141
0.013975
0.005110
0.014851
0.005114
0.014150
0.004444
0.014094
0.004923
0.013618
0.004118
0.013814
0.005133
0.014196
0.004635
0.005414
0.014705
0.004866
0.015271
0.005270
0.014992
0.005079
0.014863
0.005344
0.015448
0.004574
0.015168
0.004211
0.015729
0.004860
0.015625
0.004927
0.015401
0.004566
0.014648
0.004923
0.015162
0.005258
0.015234
0.005032
0.015630
0.004898
0.015600
0.005382
0.015221
0.004867
0.015260
0.004969
0.014667
0.005268
0.014543
0.005131
0.015025
0.004864
0.015444
0.005112
0.015607
0.005204
0.015728
0.004927
0.015971
0.004856
0.015617
0.004675
0.016194
0.004945
0.015958
0.005405
0.016067
0.005084
0.015949
0.004462
0.015977
0.004894
0.016013
0.005472
0.015495
0.005526
0.015606
0.004711
0.015056
0.004129
0.015034
0.004979
0.015427
0.004744
0.015503
0.005588
0.015203
0.004783
0.015636
0.004777
0.015462
0.005094
0.014817
0.004827
0.014757
0.004722
0.014716
0.004735
0.014568
0.004336
0.014660
0.004936
0.014605
0.003932
0.014526
0.004724
0.014228
0.005161
0.014322
0.004972
0.014024
0.004628
0.014160
0.005141
0.013975
0.005110
0.014851
0.005114
0.014150
0.004444
0.014094
0.004923
0.013618
0.004118
0.013814
0.005133
0.014196
0.004635
0.014233
0.004465
0.013765
0.004861
0.013569
