7428.000000
400.000000
7275.000000
400.000000
7323.000000
400.000000
7227.000000
400.000000
7265.000000
400.000000
7364.000000
400.000000
7389.000000
400.000000
7395.000000
400.000000
7326.000000
400.000000
7316.000000
400.000000
7291.000000
400.000000
7323.000000
400.000000
7329.000000
400.000000
7295.000000
400.000000
7303.000000
400.000000
7321.000000
400.000000
7315.000000
400.000000
7305.000000
400.000000
7396.000000
400.000000
7243.000000
400.000000
7349.000000
400.000000
7343.000000
400.000000
7386.000000
400.000000
7379.000000
400.000000
7272.000000
400.000000
7350.000000
400.000000
7279.000000
400.000000
7303.000000
400.000000
7310.000000
400.000000
7326.000000
400.000000
7289.000000
400.000000
7320.000000
400.000000
7336.000000
400.000000
7247.000000
400.000000
7193.000000
400.000000
7300.000000
400.000000
7247.000000
400.000000
7258.000000
400.000000
7253.000000
400.000000
7186.000000
400.000000
7332.000000
400.000000
7277.000000
400.000000
7289.000000
400.000000
7300.000000
400.000000
7277.000000
400.000000
7324.000000
400.000000
7287.000000
400.000000
7344.000000
400.000000
7315.000000
400.000000
7242.000000
400.000000
7284.000000
400.000000
7300.000000
400.000000
7330.000000
400.000000
7336.000000
400.000000
7363.000000
400.000000
7288.000000
400.000000
7251.000000
400.000000
7281.000000
7428.000000
400.000000
7275.000000
400.000000
7323.000000
400.000000
7227.000000
400.000000
7265.000000
400.000000
7364.000000
400.000000
7389.000000
400.000000
7395.000000
400.000000
7326.000000
400.000000
7316.000000
400.000000
7291.000000
400.000000
7323.000000
400.000000
7329.000000
400.000000
7295.000000
400.000000
7303.000000
400.000000
7321.000000
400.000000
7315.000000
400.000000
7305.000000
400.000000
7396.000000
400.000000
7243.000000
400.000000
7349.000000
400.000000
7343.000000
400.000000
7386.000000
400.000000
7379.000000
400.000000
7272.000000
400.000000
7350.000000
400.000000
7279.000000
400.000000
7303.000000
400.000000
7310.000000
400.000000
7326.000000
400.000000
7289.000000
400.000000
7320.000000
400.000000
7336.000000
400.000000
7247.000000
400.000000
7193.000000
400.000000
7300.000000
400.000000
7247.000000
400.000000
7258.000000
400.000000
7253.000000
400.000000
7186.000000
400.000000
7332.000000
400.000000
7277.000000
400.000000
7289.000000
400.000000
7300.000000
400.000000
7277.000000
400.000000
7324.000000
400.000000
7287.000000
400.000000
7344.000000
400.000000
7315.000000
400.000000
7242.000000
400.000000
7284.000000
400.000000
7300.000000
400.000000
7330.000000
400.000000
7336.000000
400.000000
7363.000000
400.000000
7288.000000
400.000000
7251.000000
400.000000
7281.000000
400.000000
7291.000000
400.000000
7263.000000
400.000000
