0.233391
0.060000
0.217167
0.092500
0.222277
0.097500
0.258009
0.077500
0.255985
0.057500
0.243528
0.070000
0.304715
0.072500
0.364104
0.050000
0.287814
0.082500
0.242577
0.077500
0.235973
0.055000
0.207193
0.052500
0.251166
0.067500
0.228375
0.057500
0.190348
0.092500
0.242324
0.070000
0.336970
0.077500
0.332924
0.100000
0.221648
0.070000
0.228128
0.067500
0.220476
0.077500
0.242803
0.062500
0.341909
0.092500
0.337702
0.072500
0.340394
0.060000
0.334802
0.072500
0.254034
0.047500
0.352430
0.060000
0.247083
0.060000
0.211775
0.045000
0.202653
0.060000
0.303038
0.050000
0.330558
0.080000
0.356889
0.060000
0.252453
0.047500
0.277014
0.057500
0.225505
0.050000
0.238529
0.057500
0.234759
0.042500
0.314128
0.040000
0.353035
0.047500
0.267855
0.065000
0.313822
0.065000
0.242309
0.055000
0.269004
0.060000
0.252861
0.072500
0.267594
0.072500
0.354182
0.085000
0.358440
0.100000
0.370080
0.067500
0.361861
0.080000
0.364316
0.065000
0.330432
0.075000
0.294262
0.077500
0.182988
0.060000
0.198162
0.067500
0.215232
0.085000
0.214724
0.233391
0.060000
0.217167
0.092500
0.222277
0.097500
0.258009
0.077500
0.255985
0.057500
0.243528
0.070000
0.304715
0.072500
0.364104
0.050000
0.287814
0.082500
0.242577
0.077500
0.235973
0.055000
0.207193
0.052500
0.251166
0.067500
0.228375
0.057500
0.190348
0.092500
0.242324
0.070000
0.336970
0.077500
0.332924
0.100000
0.221648
0.070000
0.228128
0.067500
0.220476
0.077500
0.242803
0.062500
0.341909
0.092500
0.337702
0.072500
0.340394
0.060000
0.334802
0.072500
0.254034
0.047500
0.352430
0.060000
0.247083
0.060000
0.211775
0.045000
0.202653
0.060000
0.303038
0.050000
0.330558
0.080000
0.356889
0.060000
0.252453
0.047500
0.277014
0.057500
0.225505
0.050000
0.238529
0.057500
0.234759
0.042500
0.314128
0.040000
0.353035
0.047500
0.267855
0.065000
0.313822
0.065000
0.242309
0.055000
0.269004
0.060000
0.252861
0.072500
0.267594
0.072500
0.354182
0.085000
0.358440
0.100000
0.370080
0.067500
0.361861
0.080000
0.364316
0.065000
0.330432
0.075000
0.294262
0.077500
0.182988
0.060000
0.198162
0.067500
0.215232
0.085000
0.214724
0.062500
0.236687
0.080000
0.193521
0.082500
