0.255385
0.060000
0.242749
0.092500
0.247166
0.097500
0.290854
0.077500
0.286992
0.057500
0.269555
0.070000
0.336717
0.072500
0.402164
0.050000
0.320775
0.082500
0.270230
0.077500
0.263613
0.055000
0.230507
0.052500
0.279301
0.067500
0.255517
0.057500
0.212242
0.092500
0.269499
0.070000
0.375803
0.077500
0.371526
0.100000
0.243645
0.070000
0.255971
0.067500
0.244387
0.077500
0.269917
0.062500
0.377877
0.092500
0.373628
0.072500
0.382288
0.060000
0.372109
0.072500
0.285479
0.047500
0.394222
0.060000
0.275239
0.060000
0.235190
0.045000
0.226369
0.060000
0.337978
0.050000
0.368048
0.080000
0.402097
0.060000
0.286112
0.047500
0.309041
0.057500
0.252794
0.050000
0.267153
0.057500
0.263339
0.042500
0.355831
0.040000
0.392662
0.047500
0.299437
0.065000
0.350117
0.065000
0.269726
0.055000
0.300536
0.060000
0.280584
0.072500
0.298477
0.072500
0.393246
0.085000
0.399453
0.100000
0.416736
0.067500
0.404585
0.080000
0.406986
0.065000
0.367667
0.075000
0.327154
0.077500
0.202771
0.060000
0.221872
0.067500
0.242036
0.085000
0.240352
0.255385
0.060000
0.242749
0.092500
0.247166
0.097500
0.290854
0.077500
0.286992
0.057500
0.269555
0.070000
0.336717
0.072500
0.402164
0.050000
0.320775
0.082500
0.270230
0.077500
0.263613
0.055000
0.230507
0.052500
0.279301
0.067500
0.255517
0.057500
0.212242
0.092500
0.269499
0.070000
0.375803
0.077500
0.371526
0.100000
0.243645
0.070000
0.255971
0.067500
0.244387
0.077500
0.269917
0.062500
0.377877
0.092500
0.373628
0.072500
0.382288
0.060000
0.372109
0.072500
0.285479
0.047500
0.394222
0.060000
0.275239
0.060000
0.235190
0.045000
0.226369
0.060000
0.337978
0.050000
0.368048
0.080000
0.402097
0.060000
0.286112
0.047500
0.309041
0.057500
0.252794
0.050000
0.267153
0.057500
0.263339
0.042500
0.355831
0.040000
0.392662
0.047500
0.299437
0.065000
0.350117
0.065000
0.269726
0.055000
0.300536
0.060000
0.280584
0.072500
0.298477
0.072500
0.393246
0.085000
0.399453
0.100000
0.416736
0.067500
0.404585
0.080000
0.406986
0.065000
0.367667
0.075000
0.327154
0.077500
0.202771
0.060000
0.221872
0.067500
0.242036
0.085000
0.240352
0.062500
0.264573
0.080000
0.217128
0.082500
