8128.000000
400.000000
8132.000000
400.000000
8143.000000
400.000000
8147.000000
400.000000
8145.000000
400.000000
8151.000000
400.000000
8165.000000
400.000000
8168.000000
400.000000
8165.000000
400.000000
8150.000000
400.000000
8145.000000
400.000000
8147.000000
400.000000
8150.000000
400.000000
8162.000000
400.000000
8143.000000
400.000000
8142.000000
400.000000
8158.000000
400.000000
8152.000000
400.000000
8130.000000
400.000000
8127.000000
400.000000
8146.000000
400.000000
8163.000000
400.000000
8163.000000
400.000000
8164.000000
400.000000
8167.000000
400.000000
8169.000000
400.000000
8180.000000
400.000000
8169.000000
400.000000
8143.000000
400.000000
8136.000000
400.000000
8142.000000
400.000000
8164.000000
400.000000
8168.000000
400.000000
8165.000000
400.000000
8152.000000
400.000000
8144.000000
400.000000
8124.000000
400.000000
8129.000000
400.000000
8136.000000
400.000000
8140.000000
400.000000
8155.000000
400.000000
8135.000000
400.000000
8132.000000
400.000000
8126.000000
400.000000
8130.000000
400.000000
8127.000000
400.000000
8128.000000
400.000000
8154.000000
400.000000
8152.000000
400.000000
8155.000000
400.000000
8144.000000
400.000000
8155.000000
400.000000
8156.000000
400.000000
8156.000000
400.000000
8159.000000
400.000000
8160.000000
400.000000
8154.000000
400.000000
8128.000000
400.000000
8132.000000
400.000000
8143.000000
400.000000
8147.000000
400.000000
8145.000000
400.000000
8151.000000
400.000000
8165.000000
400.000000
8168.000000
400.000000
8165.000000
400.000000
8150.000000
400.000000
8145.000000
400.000000
8147.000000
400.000000
8150.000000
400.000000
8162.000000
400.000000
8143.000000
400.000000
8142.000000
400.000000
8158.000000
400.000000
8152.000000
400.000000
8130.000000
400.000000
8127.000000
400.000000
8146.000000
400.000000
8163.000000
400.000000
8163.000000
400.000000
8164.000000
400.000000
8167.000000
400.000000
8169.000000
400.000000
8180.000000
400.000000
8169.000000
400.000000
8143.000000
400.000000
8136.000000
400.000000
8142.000000
400.000000
8164.000000
400.000000
8168.000000
400.000000
8165.000000
400.000000
8152.000000
400.000000
8144.000000
400.000000
8124.000000
400.000000
8129.000000
400.000000
8136.000000
400.000000
8140.000000
400.000000
8155.000000
400.000000
8135.000000
400.000000
8132.000000
400.000000
8126.000000
400.000000
8130.000000
400.000000
8127.000000
400.000000
8128.000000
400.000000
8154.000000
400.000000
8152.000000
400.000000
8155.000000
400.000000
8144.000000
400.000000
8155.000000
400.000000
8156.000000
400.000000
8156.000000
400.000000
8159.000000
400.000000
8160.000000
400.000000
8154.000000
400.000000
8150.000000
400.000000
8150.000000
400.000000
8149.000000
400.000000
