0.117932
0.055000
0.127285
0.060000
0.128226
0.060000
0.131036
0.055000
0.127598
0.052500
0.133487
0.050000
0.129517
0.045000
0.132657
0.027500
0.128447
0.055000
0.122198
0.060000
0.128652
0.040000
0.130274
0.047500
0.128803
0.057500
0.126662
0.035000
0.132411
0.060000
0.125802
0.047500
0.130280
0.055000
0.130732
0.052500
0.129394
0.062500
0.126605
0.057500
0.130494
0.055000
0.131145
0.045000
0.123748
0.040000
0.128879
0.055000
0.131738
0.045000
0.133197
0.052500
0.125567
0.027500
0.128988
0.047500
0.129685
0.042500
0.130221
0.040000
0.132254
0.050000
0.129372
0.040000
0.116685
0.060000
0.123913
0.042500
0.122202
0.027500
0.129863
0.025000
0.128191
0.045000
0.124277
0.045000
0.130429
0.020000
0.126357
0.040000
0.127387
0.030000
0.122028
0.042500
0.124160
0.037500
0.126849
0.030000
0.127937
0.042500
0.125478
0.042500
0.124057
0.050000
0.127723
0.050000
0.125496
0.067500
0.129108
0.050000
0.122735
0.050000
0.129452
0.035000
0.133151
0.057500
0.122274
0.057500
0.122912
0.050000
0.126784
0.047500
0.125086
0.052500
0.117932
0.055000
0.126598
0.060000
0.129728
0.067500
0.134911
0.055000
0.127598
0.052500
0.134166
0.047500
0.129246
0.045000
0.131170
0.027500
0.128310
0.055000
0.122335
0.060000
0.125497
0.035000
0.130274
0.047500
0.128667
0.052500
0.126662
0.035000
0.132001
0.060000
0.124300
0.047500
0.125906
0.057500
0.133470
0.052500
0.133856
0.055000
0.125639
0.055000
0.130358
0.050000
0.131690
0.045000
0.126049
0.042500
0.127931
0.047500
0.131738
0.045000
0.134694
0.050000
0.125429
0.032500
0.125702
0.042500
0.129549
0.035000
0.130221
0.042500
0.130745
0.047500
0.126776
0.040000
0.117230
0.062500
0.123637
0.037500
0.123731
0.022500
0.129863
0.032500
0.129295
0.040000
0.124001
0.042500
0.132773
0.017500
0.126357
0.040000
0.125887
0.030000
0.122028
0.042500
0.123062
0.040000
0.127671
0.032500
0.129724
0.045000
0.125478
0.042500
0.124057
0.047500
0.126225
0.055000
0.125906
0.060000
0.125242
0.045000
0.122735
0.050000
0.127123
0.037500
0.130969
0.057500
0.122546
0.057500
0.122097
0.052500
0.126784
0.047500
0.127155
0.055000
0.126906
0.052500
0.122480
0.050000
0.122264
0.060000
