0.413362
0.870539
0.474675
0.738545
0.447587
0.709934
0.409206
0.784818
0.443119
0.874895
0.450965
0.857787
0.339774
0.784455
0.403032
0.978834
0.407544
0.782295
0.321475
0.802102
0.415868
0.833805
0.427621
0.838190
0.493917
0.883242
0.463508
0.845266
0.425398
0.758976
0.493600
0.842361
0.444244
0.790403
0.383471
0.773630
0.407849
0.791909
0.477942
0.869949
0.450642
0.920833
0.455456
0.893985
0.430601
0.822793
0.351899
0.829093
0.427709
0.866741
0.436285
0.871734
0.440635
0.857434
0.446702
0.927841
0.440306
0.942678
0.466317
0.939058
0.428940
0.895681
0.426608
0.874634
0.385704
0.770203
0.368829
0.986993
0.349652
0.945674
0.453641
0.848238
0.440158
0.866575
0.386748
0.862663
0.464182
0.882091
0.448663
0.881962
0.309495
0.935503
0.409608
0.872548
0.364758
0.954384
0.398408
0.903760
0.412702
0.909126
0.350326
0.871786
0.330741
0.872980
0.376355
0.809516
0.386185
0.791843
0.382189
0.894555
0.432537
0.875746
0.396857
0.865444
0.394422
0.783299
0.393632
0.863289
0.366697
0.913110
0.416354
0.823137
0.400031
0.847321
0.413362
0.870539
0.471765
0.749749
0.448908
0.706118
0.408742
0.787318
0.443119
0.874895
0.452491
0.870949
0.338058
0.788116
0.430372
0.991953
0.404767
0.782726
0.382123
0.800255
0.413138
0.822634
0.427621
0.838190
0.494039
0.887350
0.463508
0.845266
0.427214
0.759279
0.493321
0.843268
0.444793
0.794397
0.383698
0.840934
0.407970
0.790997
0.434036
0.869521
0.449194
0.920367
0.455763
0.893746
0.431478
0.821525
0.350069
0.791475
0.427869
0.863059
0.435946
0.874626
0.440864
0.860508
0.446246
0.937013
0.440079
0.938300
0.466193
1.006949
0.425886
0.914077
0.425574
0.877059
0.385397
0.769793
0.368260
0.844882
0.350441
0.889197
0.453207
0.829465
0.370433
0.866054
0.387787
0.837823
0.465332
0.739439
0.448663
0.881962
0.311037
0.944536
0.409608
0.872548
0.365268
0.964164
0.399770
0.904182
0.411597
0.905323
0.350326
0.871786
0.328999
0.878274
0.378213
0.814610
0.387222
0.789067
0.382722
0.893796
0.432537
0.875746
0.398148
0.863036
0.393809
0.784959
0.440846
0.863926
0.369606
0.914764
0.416354
0.823137
0.399261
0.846801
0.351581
0.871223
0.351753
0.888566
0.340946
0.854185
