0.107776
0.055000
0.113871
0.060000
0.115314
0.060000
0.116239
0.055000
0.113812
0.052500
0.120599
0.050000
0.117208
0.045000
0.120103
0.027500
0.115248
0.055000
0.109693
0.060000
0.115163
0.040000
0.117098
0.047500
0.115828
0.057500
0.113208
0.035000
0.118752
0.060000
0.113117
0.047500
0.116818
0.055000
0.117149
0.052500
0.117712
0.062500
0.112834
0.057500
0.117726
0.055000
0.117971
0.045000
0.111969
0.040000
0.116487
0.055000
0.117301
0.045000
0.119843
0.052500
0.111736
0.027500
0.115314
0.047500
0.116419
0.042500
0.117257
0.040000
0.118398
0.050000
0.115997
0.040000
0.104799
0.060000
0.109982
0.042500
0.107826
0.027500
0.116405
0.025000
0.114353
0.045000
0.110961
0.045000
0.116273
0.020000
0.111548
0.040000
0.114531
0.030000
0.109158
0.042500
0.111289
0.037500
0.113955
0.030000
0.114514
0.042500
0.113080
0.042500
0.111220
0.050000
0.115036
0.050000
0.112610
0.067500
0.114654
0.050000
0.109774
0.050000
0.115880
0.035000
0.119667
0.057500
0.109980
0.057500
0.110920
0.050000
0.113235
0.047500
0.111234
0.052500
0.107776
0.055000
0.113256
0.060000
0.116665
0.067500
0.119676
0.055000
0.113812
0.052500
0.121212
0.047500
0.116963
0.045000
0.118756
0.027500
0.115126
0.055000
0.109816
0.060000
0.112339
0.035000
0.117098
0.047500
0.115706
0.052500
0.113208
0.035000
0.118384
0.060000
0.111766
0.047500
0.112895
0.057500
0.119603
0.052500
0.121771
0.055000
0.111972
0.055000
0.117604
0.050000
0.118461
0.045000
0.114051
0.042500
0.115630
0.047500
0.117301
0.045000
0.121190
0.050000
0.111614
0.032500
0.112376
0.042500
0.116296
0.035000
0.117257
0.042500
0.117047
0.047500
0.113670
0.040000
0.105289
0.062500
0.109737
0.037500
0.109176
0.022500
0.116405
0.032500
0.115337
0.040000
0.110715
0.042500
0.118363
0.017500
0.111548
0.040000
0.113182
0.030000
0.109158
0.042500
0.110305
0.040000
0.114694
0.032500
0.116113
0.045000
0.113080
0.042500
0.111220
0.047500
0.113687
0.055000
0.112978
0.060000
0.111220
0.045000
0.109774
0.050000
0.113795
0.037500
0.117705
0.057500
0.110226
0.057500
0.110185
0.052500
0.113235
0.047500
0.113073
0.055000
0.113374
0.052500
0.109571
0.050000
0.108970
0.060000
