0.232268
0.058073
0.143419
0.247195
0.150000
0.109126
0.123343
0.170502
0.115317
0.114323
0.113565
0.052143
0.063968
0.071023
0.037476
0.173201
0.166880
0.162453
0.022491
0.074834
0.160997
0.106783
0.143667
0.164796
0.107446
0.194709
0.208321
0.068359
0.120076
0.171828
0.190661
0.224609
0.238873
0.160310
0.229723
0.226563
0.275367
0.197810
0.072443
0.158878
0.198793
0.185204
0.092365
0.113944
0.186482
0.099420
0.110133
0.111162
0.152308
0.139714
0.133736
0.047917
0.195526
0.067270
0.038329
0.000000
0.087725
0.195881
0.194330
0.139063
