0.916632
0.805114
0.878114
0.736715
0.829310
0.828616
0.899069
0.853440
0.705437
0.844703
0.783736
0.761128
0.793819
0.837790
0.670994
0.924023
0.806436
0.708323
0.695656
0.831658
0.888255
0.905331
0.803530
0.901055
0.850180
0.851926
0.901551
0.643444
0.717768
0.870607
0.807492
0.743728
0.690914
0.761562
0.781942
0.754923
0.616811
0.744708
0.718955
0.743652
0.746402
0.684045
0.879430
0.894127
0.722363
0.813099
0.957681
0.936171
0.804362
0.865644
0.863983
0.775779
0.901681
0.956121
1.000000
0.766118
0.923336
0.864759
0.786398
0.924587
