0.261785
0.240721
0.026902
0.217753
0.010850
0.233805
0.152655
0.046127
0.030963
0.024364
0.012880
0.284817
0.255060
0.255060
0.251317
0.162109
0.156779
0.078992
1.000000
0.275490
0.050568
0.025125
0.045492
0.000000
0.020303
0.090350
0.040607
0.039972
0.254235
0.070237
0.055326
0.235074
0.167756
0.215849
0.277584
0.319459
0.324028
0.204936
0.283865
0.146691
0.273396
0.237548
0.129878
0.162046
0.067318
0.122835
0.138824
0.122708
0.050124
0.041368
0.043208
0.049426
0.082546
0.392488
0.238690
0.193325
0.178542
0.146755
0.105133
0.325677
