0.174074
0.100105
0.157656
0.253395
0.174531
0.105673
0.237843
0.088258
0.136500
0.128165
0.142008
0.110268
0.106383
0.198153
0.106383
0.238962
0.209615
0.137161
0.134828
0.100357
0.150404
0.121694
0.120130
0.107381
0.161721
0.248812
0.165606
0.254152
0.287745
0.220019
0.241776
0.264616
0.169227
0.104699
0.133697
0.243797
0.208905
0.125519
0.079381
0.133060
0.159520
0.115416
0.113696
0.236400
0.120936
0.124989
0.129295
0.150548
0.121838
0.205754
0.246046
0.244915
0.284041
0.107069
0.134311
0.116294
0.153110
0.173809
0.226730
0.156706
