0.039591
0.201193
0.016941
0.245479
0.047776
0.193643
0.098598
0.226826
0.101009
0.069602
0.088954
0.210773
0.096758
0.091872
0.223463
0.136286
0.097836
0.040226
0.276378
0.236026
0.085654
0.065415
0.169088
0.193769
0.068270
0.085718
0.064336
0.063448
0.193262
0.100374
0.057864
0.161538
0.073219
0.168898
0.016433
0.228412
0.116680
0.235899
0.232346
0.089969
0.095552
0.014339
0.133367
0.118330
0.016496
0.274348
0.269463
0.143328
0.045175
0.088065
0.062433
0.053423
0.195673
0.326185
0.255758
0.100882
0.043969
0.095489
0.089969
0.236660
