0.070751
0.242147
0.090757
0.095602
0.018108
0.241533
0.011233
0.270456
0.033133
0.109125
0.026116
0.186760
0.087405
0.009897
0.092291
0.040961
0.013048
0.070120
0.323712
0.235047
0.177082
0.142700
0.186916
0.301860
0.075039
0.011053
0.052250
0.063879
0.027267
0.010926
0.083230
0.105430
0.249727
0.061902
0.109039
0.216384
0.114749
0.012393
0.008194
0.012650
0.115067
0.018034
0.035541
0.183508
0.344376
0.198465
0.074487
0.266938
0.014930
0.198858
0.007256
0.356435
0.419712
0.050896
0.056134
0.000000
0.048217
0.353558
