 0.007319
0.008799
0.01
0.010057
0.010547
0.011443
0.012172
0.0125
0.0125
0.0125
0.0125
0.0125
0.0125
0.0125
0.013289
0.015
0.015
0.015
0.015
0.015
0.015
0.015
0.015
0.0175
0.0175
0.0175
0.0175
0.0175
0.0175
0.0175
0.0175
0.0175
0.0175
0.0175
0.0175
0.0175
0.02
0.02
0.02
0.02
0.02
0.02
0.02
0.02
0.02
0.02
0.02
0.0225
0.0225
0.0225
0.0225
0.0225
0.0225
0.0225
0.025
0.025
0.025
0.025
0.025
0.025
0.026239
0.026649
0.0275
0.0275
0.0275
0.0275
0.027986
0.028047
0.028312
0.028702
0.029158
0.029297
0.029905
0.03
0.03
0.03
0.030007
0.030108
0.030627
0.030846
0.031216
0.031476
0.031579
0.031684
0.031845
0.031888
0.03208
0.032152
0.032396
0.032472
0.032649
0.032943
0.033208
0.033309
0.033358
0.03348
0.033639
0.033729
0.033749
0.033786
0.033848
0.033973
0.034011
0.034091
0.034091
0.034445
0.03452
0.034557
0.034888
0.034985
0.035
0.035
0.035256
0.035382
0.035727
0.035911
0.036012
0.036092
0.036193
0.03639
0.03641
0.036778
0.037346
0.0375
0.0375
0.03764
0.037865
0.03806
0.038818
0.04
0.04
0.04
0.04
0.04
0.0425
0.0425
0.0425
0.0425
0.0425
0.045
0.045
0.045
0.045
0.045
0.045725
0.0475
0.0475
0.0475
0.0475
0.05
0.05
0.05
0.05
0.05
0.05
0.05
0.0525
0.0525
0.0525
0.0525
0.0525
0.055
0.055
0.055
0.055
0.055
0.055
0.055
0.0575
0.0575
0.0575
0.0575
0.06
0.06
0.06
0.06
0.06
0.06
0.0625
0.065
0.065
0.0675
0.0675
0.0675
0.0675
0.07
0.07
0.07
0.0725
0.0725
0.0725
0.0725
0.0725
0.0725
0.075
0.075
0.075
0.075
0.075
0.075
0.0775
0.0775
0.0775
0.08
0.08
0.08
0.08
0.08
0.0825
0.0825
0.0825
0.0825
0.0825
0.0825
0.0825
0.0825
0.0825
0.085
0.085
0.085
0.085
0.085
0.085
0.085
0.085
0.085
0.0875
0.0875
0.0875
0.0875
0.088051
0.09
0.09
0.0925
0.0925
0.0925
0.0975
0.1
0.1025
0.105 
0.096346
0.045000
0.095183
0.052500
0.096996
0.040000
0.102896
0.047500
0.087455
0.050000
0.109507
0.052500
0.107500
0.045000
0.095284
0.032500
0.120334
0.067500
0.099923
0.055000
0.105985
0.060000
0.099368
0.040000
0.098291
0.042500
