0.022531
0.022280
0.022533
0.022479
0.021953
0.022044
0.022050
0.022123
0.022055
0.022276
0.022050
0.022249
0.022127
0.022294
0.022222
0.022051
0.021915
0.021865
0.022195
0.022279
0.021912
0.022052
0.021957
0.022322
0.022159
0.022028
0.022189
0.021737
0.022191
0.022182
0.022068
0.022249
0.022095
0.022195
0.022094
0.022249
0.022305
0.022021
0.021746
0.022123
0.022274
0.022009
0.022232
0.022070
0.022137
0.022379
0.022308
0.022187
0.021784
0.022347
0.021942
0.022261
0.022275
0.022186
0.021889
0.021870
0.021928
0.022083
0.021846
0.022173
