0.029605
0.028607
0.029724
0.029171
0.031211
0.030644
0.030679
0.030872
0.029332
0.029088
0.030653
0.029889
0.029344
0.029933
0.029479
0.030622
0.027279
0.030658
0.029904
0.028735
0.030896
0.027827
0.027081
0.029867
0.029563
0.031080
0.028653
0.029257
0.027515
0.029930
0.029355
0.029969
0.029361
0.027816
0.029425
0.029255
0.028658
0.029428
0.031811
0.031009
0.028574
0.031757
0.028147
0.030187
0.031144
0.028395
0.028938
0.029463
0.031532
0.028724
0.031006
0.029514
0.027671
0.031970
0.030948
0.027214
0.031324
0.029536
0.028833
0.031443
