0.002907
0.003178
0.003130
0.003222
0.003228
0.003208
0.003128
0.003172
0.003016
0.002931
0.003289
0.003445
0.003368
0.003238
0.003209
0.003625
0.003141
0.003218
0.002931
0.002988
0.003254
0.003022
0.003234
0.003112
0.003508
0.003008
0.003030
0.003350
0.003095
0.003216
0.003131
0.002977
0.002998
0.002983
0.003004
0.003014
0.002935
0.003885
0.003160
0.002992
0.003034
0.003283
0.003069
0.003466
0.003086
0.003227
0.003381
0.003231
0.003010
0.003197
0.003002
0.003548
0.003018
0.004392
0.003508
0.004163
0.003438
0.004052
0.003244
0.003893
