0.336354
0.344384
0.282695
0.198819
0.281182
0.255830
0.282540
0.314114
0.299341
0.294566
0.366999
0.193590
0.146138
0.317236
0.338200
0.338783
0.273176
0.386089
0.334657
0.291220
0.360024
0.340289
0.256800
0.277569
0.193148
0.223269
0.269771
0.249061
0.270346
0.366399
0.232572
0.295473
0.271479
0.276363
0.231671
0.251199
0.238859
0.361213
0.282687
0.381623
0.344018
0.350919
0.351234
0.345171
0.367246
0.189141
0.274416
0.260979
0.369058
0.207947
0.263507
0.267825
0.334094
0.293837
0.267208
0.298187
0.308559
0.231554
0.336975
0.221272
