0.028396
0.029314
0.030216
0.028295
0.028322
0.027757
0.029514
0.028326
0.027573
0.028863
0.028199
0.025606
0.032196
0.029559
0.030642
0.031960
0.030275
0.029989
0.027432
0.030116
0.025775
0.026567
0.027691
0.029365
0.027176
0.030050
0.027379
0.030944
0.031999
0.029811
0.030153
0.029216
0.030360
0.031434
0.029165
0.028380
0.028196
0.032490
0.029500
0.028596
0.028831
0.026549
0.027760
0.027616
0.027068
0.028945
0.028344
0.030340
0.027333
0.030319
0.029882
0.031501
0.029130
0.027017
0.029907
0.027492
0.027545
0.030348
0.027520
0.027215
