0.010824
0.007075
0.008491
0.008451
0.009868
0.007133
0.009938
0.009009
0.009920
0.009943
0.008034
0.017511
0.009492
0.007547
0.007102
0.007123
0.006667
0.008523
0.006607
0.009915
0.009130
0.007116
0.015137
0.007597
0.009510
0.011787
0.014630
0.011776
0.008459
0.007109
0.012742
0.009929
0.012253
0.011787
0.012189
0.011385
0.011391
0.012258
0.014058
0.010343
0.008095
0.011843
0.005687
0.005198
0.008049
0.009896
0.008053
0.012322
0.006126
0.010844
0.011337
0.010441
0.007079
0.005698
0.011776
0.013220
0.010353
0.011412
0.004245
0.007554
