1364.561646
1555.805420
1361.886841
840.300781
1508.743042
1913.411621
1142.102051
1364.427856
1182.318970
1168.894775
1039.228394
1099.091309
1271.312012
1865.515015
1331.321167
1156.572266
1520.702148
1655.246582
1523.410400
1988.135254
1371.528320
1449.688599
1580.389771
856.142883
1411.663452
1164.629761
2005.868530
1094.388794
1441.549194
1233.922363
1482.895142
1030.843750
1702.814087
650.646179
1916.045410
1158.547729
2315.734619
1142.504028
1505.941162
985.153625
887.026733
1827.656982
792.789429
814.566833
1167.017578
1150.808960
1737.524414
1012.085632
1259.738403
1153.957397
1257.465454
1557.321289
532.081787
773.330383
1973.401733
1447.145752
2139.636719
1538.615601
1083.875977
1632.016113
