1323.935547
1445.948975
1361.886841
840.300781
1508.743042
1339.329834
1133.653564
1364.427856
1182.318970
934.413391
1039.228394
1099.091309
847.434326
1865.515015
1331.321167
1156.572266
1520.702148
728.207336
1523.410400
647.176453
1037.499634
1414.691895
503.652832
856.142883
1411.663452
602.838745
700.178711
1094.388794
1441.549194
870.571289
1482.895142
544.331665
878.792419
643.493042
628.339783
1158.547729
2315.734619
1142.504028
821.646179
611.046509
638.619019
1333.708984
792.789429
814.566833
1167.017578
1150.808960
659.248779
1012.085632
1259.738403
1153.957397
755.964417
669.991882
392.489349
773.330383
1973.401733
1447.145752
2139.636719
1538.615601
1083.875977
571.955688
