0.014119
0.009074
0.011118
0.010996
0.012411
0.009113
0.012411
0.011283
0.012202
0.012781
0.009936
0.022249
0.012143
0.009627
0.008824
0.008923
0.008363
0.010619
0.008444
0.012635
0.011047
0.008813
0.019048
0.009484
0.011940
0.015179
0.018607
0.014443
0.010695
0.008798
0.015901
0.012628
0.015276
0.015060
0.015449
0.014697
0.014252
0.015366
0.017825
0.013056
0.010131
0.015253
0.007173
0.006532
0.010083
0.012582
0.010083
0.015476
0.007692
0.014042
0.014068
0.013134
0.008844
0.007134
0.014784
0.016336
0.012956
0.014168
0.005291
0.009541
