0.400246
0.416213
0.405806
0.411729
0.413121
0.401580
0.409574
0.365796
0.344567
0.387705
0.415546
0.443776
0.379478
0.401324
0.337059
0.411660
0.351852
0.340413
0.393245
0.364621
0.406395
0.386604
0.374405
0.356254
0.370149
0.412872
0.365546
0.386482
0.363636
0.367155
0.375736
0.384245
0.406581
0.411446
0.363042
0.412125
0.361639
0.373522
0.409982
0.400593
0.411204
0.400244
0.398685
0.427553
0.411625
0.355902
0.367734
0.455357
0.442012
0.374237
0.356975
0.391045
0.402712
0.395363
0.393850
0.403734
0.353946
0.400826
0.367431
0.378056
