0.000040
0.000006
0.000103
0.000011
0.000016
0.000010
0.000015
0.000034
0.000010
0.000009
0.000026
0.000128
0.000011
0.000006
0.000011
0.000009
0.000021
0.000214
0.000016
0.000017
0.000014
0.000006
0.000007
0.000039
0.000009
0.000028
0.000016
0.000007
0.000027
0.000013
0.000009
0.000007
0.000005
0.000009
0.000013
0.000009
0.000018
0.000011
0.000008
0.000011
0.000015
0.000008
0.000017
0.000014
0.000008
0.000014
0.000009
0.000007
0.000008
0.000015
0.000006
0.000013
0.000023
0.000007
0.000011
0.000004
0.000011
0.000027
0.000012
0.000010
