0.306824
0.324528
0.309906
0.316432
0.328477
0.314313
0.327970
0.292082
0.280113
0.301610
0.336011
0.349266
0.296630
0.314623
0.271307
0.328585
0.280476
0.273201
0.307692
0.286119
0.335896
0.312144
0.297540
0.285375
0.294817
0.320603
0.287400
0.315120
0.287594
0.296682
0.301085
0.302128
0.326107
0.322018
0.286451
0.319260
0.289037
0.297973
0.323336
0.317348
0.328571
0.310753
0.316114
0.340265
0.328598
0.279925
0.293700
0.362559
0.352026
0.289015
0.287671
0.310869
0.322322
0.315764
0.313707
0.326723
0.282824
0.322872
0.294811
0.299339
