2125.000000
2120.000000
2120.000000
2130.000000
2128.000000
2103.000000
2113.000000
2109.000000
2117.000000
2112.000000
2116.000000
2113.000000
2107.000000
2120.000000
2112.000000
2106.000000
2100.000000
2112.000000
2119.000000
2118.000000
2081.000000
2108.000000
2114.000000
2106.000000
2103.000000
2121.000000
2119.000000
2123.000000
2128.000000
2110.000000
2119.000000
2115.000000
2122.000000
2121.000000
2133.000000
2108.000000
2107.000000
2121.000000
2134.000000
2127.000000
2100.000000
2111.000000
2110.000000
2116.000000
2112.000000
2122.000000
2111.000000
2110.000000
2122.000000
2121.000000
2117.000000
2107.000000
2119.000000
2106.000000
2123.000000
2118.000000
2125.000000
2103.000000
2120.000000
2118.000000
