0.431991
0.431982
0.439528
0.464762
0.465452
0.437311
0.460346
0.446510
0.437048
0.533175
0.445547
0.457490
0.494296
0.488110
0.446258
0.488192
0.468640
0.449853
0.469921
0.504946
0.413161
0.455678
0.371250
0.425240
0.462928
0.467604
0.436783
0.445743
0.450491
0.460546
0.513328
0.438480
0.427280
0.471375
0.462860
0.444005
0.526906
0.442926
0.418376
0.468484
0.449912
0.434545
0.440179
0.448313
0.428457
0.421208
0.443887
0.544689
0.490150
0.461694
0.502056
0.418651
0.446009
0.448982
0.448004
0.508620
0.462699
0.463610
0.473620
0.424373
