0.424399
0.576654
0.565464
0.576866
0.550607
0.551313
0.606365
0.565195
0.540822
0.586394
0.550384
0.401079
0.537593
0.591669
0.619999
0.565154
0.603652
0.663836
0.516203
0.595099
0.627796
0.558688
0.562321
0.454659
0.506277
0.561947
0.575440
0.522006
0.517514
0.545727
0.586740
0.574064
0.590190
0.592545
0.603999
0.609980
0.531612
0.483389
0.628991
0.595082
0.576927
0.581511
0.591259
0.545620
0.604073
0.579800
0.455707
0.542266
0.562241
0.557632
0.590782
0.582222
0.633960
0.583234
0.580014
0.543419
0.585310
0.487298
0.624379
0.581607
0.423811
0.431932
0.439528
0.401474
0.465452
0.422168
0.460346
0.446510
0.437048
0.533175
0.445547
0.382747
0.420026
0.488110
0.435458
0.488192
0.466602
0.436711
0.454293
0.491915
0.413161
0.455678
0.371250
0.425240
0.462928
0.423812
0.436783
0.393082
0.450491
0.460546
0.388676
0.438480
0.384423
0.471375
0.439977
0.444005
0.470122
0.404434
0.404241
0.468484
0.449912
0.425564
0.440179
0.448313
0.428457
0.421208
0.443887
0.415908
0.411487
0.461694
0.406612
0.418651
0.446009
0.448982
0.448004
0.508620
0.462699
0.463610
0.473620
0.424373
