0.076734
0.087719
0.080914
0.114233
0.078605
0.085662
0.088652
0.083729
0.095874
0.093731
0.087668
0.104029
0.111718
0.104091
0.093529
0.080309
0.091995
0.090855
0.090470
0.112515
0.087209
0.095770
0.111310
0.098992
0.117612
0.114147
0.105042
0.105719
0.110517
0.087977
0.104240
0.099218
0.104583
0.109639
0.098633
0.101653
0.109857
0.095154
0.106952
0.091988
0.098331
0.084808
0.089062
0.088480
0.089561
0.111444
0.104389
0.107738
0.084024
0.101343
0.096717
0.113433
0.082547
0.087990
0.097575
0.094516
0.103651
0.100945
0.085832
0.109123
