0.058824
0.068396
0.061792
0.087793
0.062500
0.067047
0.070989
0.066856
0.077940
0.072917
0.070888
0.081874
0.087328
0.081604
0.075284
0.064103
0.073333
0.072917
0.070788
0.088291
0.072081
0.077324
0.088458
0.079297
0.093676
0.088637
0.082586
0.086199
0.087406
0.071090
0.083530
0.078014
0.083883
0.085809
0.077825
0.078748
0.087803
0.075908
0.084349
0.072873
0.078571
0.065846
0.070616
0.070416
0.071496
0.087653
0.083373
0.085782
0.066918
0.078265
0.077940
0.090176
0.066069
0.070275
0.077720
0.076487
0.082824
0.081312
0.068868
0.086402
