0.014642
0.014593
0.014736
0.014644
0.014618
0.014767
0.014676
0.014724
0.014554
0.014566
0.014594
0.014818
0.014617
0.014590
0.014586
0.014743
0.014686
0.014688
0.014689
0.014588
0.014802
0.014653
0.014537
0.014525
0.014725
0.014808
0.014660
0.014567
0.014829
0.014788
0.014646
0.014803
0.014505
0.014610
0.014655
0.014692
0.014741
0.014642
0.014693
0.014854
0.014720
0.014582
0.014649
0.014696
0.014560
0.014611
0.014675
0.014756
0.014648
0.014779
0.014720
0.014654
0.014581
0.014775
0.014803
0.014800
0.014846
0.014646
0.014629
0.014738
