0.040218
0.034400
0.033809
0.034882
0.038055
0.035727
0.038233
0.037758
0.035533
0.037979
0.038044
0.034729
0.036961
0.037779
0.036619
0.035279
0.034923
0.036400
0.038371
0.032588
0.034890
0.033844
0.033475
0.034830
0.034528
0.038510
0.038436
0.035143
0.037340
0.037913
0.033179
0.036914
0.039570
0.036814
0.036149
0.037193
0.035728
0.037748
0.038714
0.034695
0.037200
0.034847
0.035604
0.037273
0.037918
0.036794
0.034651
0.035683
0.042098
0.037713
0.030263
0.036872
0.035594
0.038273
0.036460
0.034249
0.033369
0.037218
0.035323
0.034623
