0.010970
0.010338
0.010375
0.010478
0.010688
0.009960
0.010783
0.010554
0.010464
0.010540
0.010613
0.009682
0.010659
0.010321
0.010679
0.010026
0.010311
0.010869
0.010422
0.009602
0.010070
0.009688
0.010438
0.010161
0.010063
0.010907
0.010642
0.010082
0.010605
0.010279
0.009790
0.010045
0.011163
0.010349
0.010402
0.010291
0.010063
0.010121
0.010600
0.009664
0.010360
0.009842
0.010304
0.009984
0.010845
0.010280
0.010467
0.009579
0.010533
0.010095
0.009072
0.010411
0.010319
0.010733
0.010376
0.009966
0.009949
0.010701
0.010282
0.010068
