0.003971
0.004455
0.004884
0.005019
0.004945
0.004588
0.004900
0.004768
0.004725
0.005054
0.004443
0.004519
0.004529
0.004837
0.004444
0.004457
0.004785
0.004719
0.004576
0.004616
0.004697
0.004684
0.004952
0.004713
0.004857
0.004565
0.004467
0.004412
0.004281
0.004262
0.004630
0.004739
0.004607
0.004652
0.004536
0.004517
0.004799
0.004598
0.004304
0.004540
0.004658
0.004599
0.004623
0.004739
0.004832
0.004552
0.004588
0.004546
0.004206
0.004612
0.004755
0.004409
0.004748
0.004263
0.004613
0.004922
0.004799
0.004461
0.004800
0.004604
