0.176125
0.179373
0.097862
0.128301
0.140546
0.200727
0.161206
0.148800
0.127646
0.149289
0.160789
0.213916
0.176227
0.181722
0.162153
0.213553
0.140435
0.139881
0.106897
0.136423
0.170417
0.178717
0.068797
0.200761
0.198966
0.136548
0.161715
0.111905
0.086785
0.157431
0.126448
0.136836
0.186985
0.189526
0.144927
0.164934
0.198265
0.185554
0.138473
0.211531
0.112670
0.150455
0.131175
0.070588
0.140752
0.062825
0.153511
0.159116
0.145061
0.188770
0.162950
0.166089
0.121810
0.132846
0.189089
0.092299
0.149297
0.148824
0.137727
0.100958
