3593.293213
2769.856934
2370.952393
3193.888916
2377.677490
2737.464844
3842.180176
2651.506592
2931.476318
2580.924072
2534.452393
3016.449951
1831.748169
1850.423706
2259.531982
2746.341064
2696.552734
3060.301270
2992.539062
2200.633301
2175.018311
3409.065430
3010.813232
1951.462769
2782.486816
3190.254883
2099.910889
4215.874512
2304.132568
2899.505371
3445.569580
2309.448242
2749.082520
2354.008301
2424.252686
1996.702026
2450.797607
2028.256348
2204.951172
2739.714600
2305.229736
2979.198975
2067.493652
2164.524658
3388.109619
2712.724121
3207.023193
3199.769287
3232.280273
3749.166748
2713.457275
3491.751465
2569.533936
2787.966309
2527.990723
2672.347412
2276.620361
2533.953125
2301.734619
3066.323242
