2501.000000
2495.000000
2512.000000
2522.000000
2511.000000
2521.000000
2500.000000
2532.000000
2515.000000
2512.000000
2520.000000
2527.000000
2507.000000
2515.000000
2494.000000
2494.000000
2501.000000
2516.000000
2510.000000
2522.000000
2509.000000
2516.000000
2507.000000
2502.000000
2518.000000
2532.000000
2496.000000
2496.000000
2532.000000
2493.000000
2504.000000
2524.000000
2498.000000
2522.000000
2500.000000
2526.000000
2501.000000
2504.000000
2536.000000
2503.000000
2494.000000
2517.000000
2507.000000
2520.000000
2507.000000
2525.000000
2498.000000
2547.000000
2498.000000
2521.000000
2532.000000
2495.000000
2523.000000
2493.000000
2527.000000
2527.000000
2512.000000
2503.000000
2495.000000
2510.000000
