0.002372
0.002372
0.002656
0.002652
0.002082
0.002084
0.002943
0.001184
0.002043
0.002667
0.002363
0.003033
0.002364
0.001179
0.001755
0.003256
0.002388
0.002965
0.002364
0.001779
0.002962
0.002674
0.001749
0.002351
0.002382
0.002379
0.002974
0.002947
0.001769
0.001790
0.002396
0.003315
0.002340
0.002676
0.002081
0.001780
0.002372
0.002075
0.002684
0.002124
0.001491
0.001790
0.003856
0.001496
0.002645
0.002381
0.002052
0.001812
0.002392
0.002382
0.001801
0.002075
0.001467
0.002668
0.002365
0.000888
0.002060
0.002927
0.001463
0.005314
