3593.293213
2735.753418
2370.952393
3193.888916
2260.946777
2737.464844
3842.180176
2651.506592
2931.476318
2580.924072
2534.452393
2867.717285
1831.748169
1850.423706
2000.651245
2746.341064
2080.023926
1954.299561
2992.539062
2200.633301
2151.307129
3409.065430
3010.813232
1950.342285
2782.486816
2290.622559
1934.458618
4215.874512
1977.164185
2899.505371
2323.882324
2309.448242
2749.082520
2062.138672
2169.587402
1996.702026
2450.797607
2028.256348
2204.951172
2203.612549
2305.229736
2130.338379
1968.925903
2164.524658
3388.109619
2712.724121
3207.023193
3169.691650
3232.280273
3749.166748
2713.457275
3491.751465
2569.533936
1863.173584
2527.990723
2672.347412
2276.620361
2533.953125
2301.734619
3066.323242
