0.003199
0.003206
0.003583
0.003569
0.002788
0.002777
0.004000
0.001580
0.002783
0.003583
0.003175
0.003957
0.003191
0.001590
0.002406
0.004411
0.003199
0.003975
0.003187
0.002379
0.003986
0.003577
0.002393
0.003197
0.003177
0.003160
0.004006
0.004006
0.002370
0.002407
0.003195
0.004358
0.003203
0.003569
0.002800
0.002375
0.003199
0.002796
0.003549
0.002797
0.002005
0.002384
0.005185
0.001984
0.003590
0.003168
0.002802
0.002356
0.003203
0.003173
0.002370
0.002806
0.001982
0.003610
0.003166
0.001187
0.002787
0.003995
0.002004
0.007171
