0.289884
0.242886
0.252787
0.247819
0.320988
0.242761
0.276400
0.237362
0.335189
0.279459
0.229365
0.257618
0.254487
0.316899
0.256215
0.279872
0.296681
0.249603
0.307968
0.278351
0.319649
0.290541
0.308736
0.276179
0.267673
0.297393
0.258413
0.292869
0.288705
0.231849
0.237220
0.280507
0.251401
0.280730
0.284000
0.313539
0.258697
0.294728
0.247240
0.276868
0.244587
0.286055
0.268847
0.300794
0.333067
0.270099
0.270617
0.312525
0.287430
0.281238
0.300158
0.283367
0.327784
0.258323
0.258805
0.317372
0.295780
0.256892
0.280962
0.260159
