0.214942
0.179715
0.187426
0.184148
0.239738
0.182197
0.203355
0.177969
0.245988
0.208062
0.170703
0.197452
0.188534
0.234895
0.186897
0.206631
0.221493
0.186184
0.228428
0.208123
0.237559
0.217172
0.225656
0.203056
0.200715
0.223907
0.191850
0.215444
0.215507
0.172434
0.177898
0.213382
0.183679
0.210526
0.211058
0.234945
0.191817
0.218796
0.186997
0.210255
0.181927
0.214797
0.199941
0.226810
0.245372
0.202976
0.198124
0.240411
0.214649
0.211075
0.228091
0.209544
0.242664
0.190928
0.193320
0.237348
0.218658
0.188232
0.205151
0.192796
