0.753203
0.748522
0.789265
0.754685
0.788296
0.734544
0.821477
0.831036
0.783780
0.924002
0.743520
0.754233
0.794116
0.912998
0.787164
0.725690
0.769493
0.767315
0.760284
0.728906
0.860335
0.763869
0.773233
0.772964
0.833032
0.774990
0.792257
0.867904
0.856780
0.753166
0.778242
0.776771
0.776492
0.745240
0.738532
0.782709
0.787853
0.822046
0.811270
0.814878
0.750680
0.868006
0.781577
0.755320
0.790281
0.875331
0.734475
0.813841
0.913350
0.747511
0.774971
0.876945
0.871157
0.920050
0.762187
0.812889
0.879062
0.804182
0.798868
0.815818
