0.041583
0.042084
0.044586
0.040444
0.044604
0.035700
0.048000
0.041074
0.046918
0.041003
0.036508
0.039177
0.040686
0.043340
0.043304
0.042502
0.043183
0.040541
0.042231
0.041237
0.040654
0.044118
0.043079
0.040368
0.039714
0.042259
0.044872
0.047276
0.041074
0.046129
0.037141
0.045563
0.045236
0.044409
0.044800
0.043547
0.041583
0.042332
0.039826
0.040352
0.039695
0.040524
0.049860
0.040079
0.047866
0.043564
0.048038
0.044759
0.043235
0.041253
0.038310
0.042084
0.045581
0.040915
0.043530
0.044321
0.044984
0.040352
0.048096
0.040239
