0.030833
0.031139
0.033058
0.030053
0.033314
0.026794
0.035315
0.030797
0.034432
0.030528
0.027171
0.030027
0.030142
0.032125
0.031588
0.031380
0.032239
0.030240
0.031324
0.030833
0.030213
0.032977
0.031487
0.029680
0.029780
0.031817
0.033314
0.034777
0.030660
0.034308
0.027853
0.034659
0.033051
0.033304
0.033294
0.032631
0.030833
0.031426
0.030122
0.030643
0.029526
0.030430
0.037081
0.030221
0.035263
0.032738
0.035170
0.034431
0.032287
0.030962
0.029112
0.031120
0.033744
0.030240
0.032516
0.033146
0.033255
0.029567
0.035119
0.029820
