0.753203
0.726554
0.726465
0.754685
0.788296
0.734544
0.821477
0.733916
0.783780
0.734904
0.714670
0.702384
0.794116
0.719295
0.787164
0.725690
0.769493
0.767315
0.760284
0.728906
0.743108
0.752752
0.773233
0.772964
0.833032
0.725855
0.792257
0.761492
0.787177
0.732016
0.732596
0.776771
0.776492
0.745240
0.738532
0.782709
0.787853
0.738990
0.752242
0.731648
0.750680
0.743696
0.781577
0.755320
0.790281
0.774323
0.734475
0.813841
0.730271
0.732606
0.774971
0.728694
0.759952
0.765908
0.762187
0.812889
0.769805
0.746329
0.798868
0.815818
