0.456844
0.702977
0.673541
0.521204
0.465824
0.489606
0.565608
0.718277
0.565608
0.718443
1.000000
0.830866
0.719441
0.822385
0.711791
0.297688
0.788625
0.680526
0.529187
0.578580
0.937968
0.719109
0.831365
0.910195
0.377682
0.724929
0.407783
0.598038
0.782804
0.496092
0.716614
0.649260
0.340263
0.268252
0.303675
0.636621
0.597372
0.524863
0.787128
0.761849
0.560619
0.488109
0.793115
0.560951
0.820057
0.377682
0.942125
0.649260
0.633960
0.773158
0.653917
0.790620
0.533344
0.712456
0.597040
0.449360
0.902877
0.788126
0.714618
0.790953
0.138136
0.138136
0.164572
0.164200
0.111142
0.111328
0.191287
0.027553
0.107512
0.165596
0.137299
0.199665
0.137392
0.027087
0.080704
0.220423
0.139626
0.193335
0.137392
0.082938
0.193056
0.166248
0.080145
0.136182
0.139067
0.138788
0.194173
0.191660
0.082007
0.083962
0.140370
0.225915
0.135158
0.166434
0.111049
0.083031
0.138136
0.110491
0.167179
0.115052
0.056130
0.083962
0.276273
0.056595
0.163548
0.138974
0.108350
0.086009
0.139998
0.139067
0.084986
0.110491
0.053896
0.165689
0.137485
0.000000
0.109094
0.189798
0.053523
0.411989
0.058241
0.146985
0.475027
0.130128
0.067249
0.357563
0.380396
0.317606
0.542187
0.128701
0.201748
0.409204
0.233767
0.091777
0.337317
0.329647
0.400018
0.360863
0.503300
0.051284
0.463967
0.200499
0.460132
0.240813
0.551998
0.226275
0.147164
0.492686
0.344898
0.162772
0.314663
0.288173
0.355066
0.255173
0.371745
0.310560
0.344006
0.229486
0.480467
0.248395
0.076793
0.169550
0.327239
0.389761
0.527827
0.201213
0.281663
0.708259
0.180253
0.157777
0.324563
0.559222
0.441848
0.000000
0.112826
0.270425
0.500714
0.204335
0.218873
0.619426
0.033423
0.166185
0.043548
0.087406
0.116024
0.131625
0.191290
0.210146
0.076454
0.045356
0.094690
0.047216
0.024796
0.157506
0.043548
0.061318
0.116024
0.122947
0.208648
0.210146
0.093708
0.045356
0.111995
0.055998
0.261081
0.258601
0.110755
0.131160
0.002841
0.063695
0.103110
0.118814
0.136068
0.106054
0.000000
0.026914
0.070359
0.069480
0.106158
0.123876
0.139477
0.062661
0.101973
0.117367
0.112408
0.111323
0.020302
0.147484
0.093811
0.227296
0.126149
0.030530
0.137359
0.080587
0.080380
0.134828
0.128319
0.028464
0.130127
0.171712
0.727892
0.501687
0.446823
0.687282
0.758145
1.000000
0.551780
0.452234
0.469688
0.577438
0.644287
0.811671
0.681289
0.497324
0.650454
0.592041
0.456772
0.721899
0.674715
0.462299
0.571620
0.580929
0.592565
0.485397
0.421573
0.610600
0.809693
0.263556
0.452700
0.784094
0.445951
0.426868
0.512567
0.428206
0.452700
0.939144
0.590412
0.345474
0.729230
0.831627
0.766989
0.792588
0.700663
0.521352
0.796428
0.319642
0.520363
0.419421
0.793810
0.580172
0.476553
0.282639
0.549802
0.799046
0.517919
0.438911
0.206132
0.379044
0.342041
0.212590
0.113891
0.000000
0.084096
0.139301
0.313040
0.056623
0.228557
0.370695
0.228041
0.115439
0.172578
0.115697
0.281439
0.176577
0.227138
0.227654
0.196698
0.258739
0.174513
0.171804
0.199665
0.198504
0.172707
0.310331
0.172707
0.112086
0.058171
0.339868
0.512963
0.231523
0.343738
0.171546
0.172062
0.255256
0.199149
0.256675
0.337160
0.170515
0.308397
0.256159
0.286857
0.170902
0.230104
0.169870
0.314201
0.197343
0.399845
0.057655
0.230104
0.112473
0.195408
0.113504
0.313556
0.113375
0.172191
0.316007
0.115826
0.226880
0.335225
0.113118
0.560949
0.432443
0.543015
0.290723
0.664105
0.348436
0.366505
0.755663
0.340615
0.316613
0.275755
0.256472
0.429072
0.290723
0.316208
0.293689
0.312298
0.326996
0.365022
0.467098
0.205771
0.408846
0.439995
0.247033
0.143339
0.534655
0.343042
0.502292
0.000000
0.068366
0.407093
0.421926
0.570119
0.476672
0.328479
0.727077
0.445658
0.418689
0.399407
0.501483
0.613673
0.586570
0.537621
0.454962
0.278991
0.797465
0.695523
0.797330
0.439320
0.327940
0.436758
0.412487
0.418420
0.449703
0.614887
0.525351
0.615561
0.551375
0.330232
0.292071
