0.257930
0.294634
0.077730
0.439722
0.141415
0.461462
0.072449
0.278011
0.115641
0.145078
0.225075
0.503849
0.432612
0.392068
0.366460
0.359309
0.327534
0.200562
0.456768
0.406878
0.160993
0.005849
0.036543
0.183320
0.269453
0.095906
0.109952
0.685878
0.510427
0.178370
0.183381
0.837052
0.401722
0.562428
0.554071
0.835675
0.750025
0.705778
0.503091
0.220628
0.894933
1.000000
0.304614
0.183687
0.140525
0.179632
0.000000
0.037744
0.228055
0.277387
0.387626
0.630374
0.435878
0.445738
0.390159
0.489422
0.476221
0.284860
0.321072
0.367223
0.165162
0.033645
0.062434
0.050196
0.257736
0.042912
0.121903
0.027127
0.281069
0.139476
0.000000
0.099865
0.066570
0.239655
0.060459
0.134134
0.189620
0.057797
0.215511
0.139704
0.249601
0.173488
0.205162
0.120787
0.112047
0.198632
0.078950
0.167036
0.167271
0.006463
0.026862
0.159338
0.048445
0.148675
0.150662
0.239841
0.078827
0.179551
0.060832
0.147664
0.041904
0.164621
0.109157
0.209470
0.278770
0.120488
0.102374
0.260248
0.164068
0.150725
0.214253
0.145009
0.268660
0.075508
0.084438
0.248813
0.179035
0.065443
0.128608
0.082482
0.182371
0.124192
0.127090
0.040446
0.218559
0.438132
0.150207
0.089954
0.562824
0.210085
0.152164
0.348517
0.004972
0.161093
0.320214
0.043285
0.039505
0.282092
0.410330
0.124199
0.485367
0.079127
0.181893
0.295251
0.516928
0.000000
0.142153
0.547974
0.171346
0.246957
0.033760
0.351797
0.356034
0.219699
0.383344
0.098824
0.122728
0.231423
0.054649
0.124376
0.101545
0.080112
0.214793
0.076825
0.077737
0.075339
0.178127
0.102678
0.155834
0.259593
0.393067
0.280048
0.084423
0.174965
0.554160
0.202068
0.224362
0.089336
0.070087
0.188351
0.402220
0.169660
0.248254
0.431864
0.145163
0.423689
0.177359
0.179179
0.454333
0.356000
0.088903
0.311362
0.037059
0.402220
0.169660
0.248254
0.431864
0.145163
0.423689
0.177359
0.179179
0.454333
0.356000
0.088903
0.311362
0.037059
0.343483
0.336770
0.264889
0.443531
0.597780
0.531241
0.250358
0.343066
0.025154
0.548681
0.444098
0.489303
0.684938
0.506729
0.044653
0.262845
0.321418
0.620621
0.408441
0.558901
0.208361
0.153085
0.112744
0.115802
0.372486
0.403384
0.244853
0.513979
0.506833
0.262144
0.430268
0.362878
0.260995
0.110252
0.097332
0.465643
0.648123
0.576101
0.579899
0.508173
0.196447
0.116288
0.542825
0.113571
0.363279
0.152843
0.361802
0.369982
0.502162
0.066847
0.436389
0.000000
0.435200
0.456714
0.077182
0.119157
0.656930
0.309312
0.298559
0.080389
0.374357
0.517103
0.207986
0.167654
0.127596
0.320043
0.231784
0.432497
0.457751
0.184786
0.503049
0.461506
0.491135
0.283279
0.476987
0.351056
0.215827
0.277074
0.221838
0.338559
0.145023
0.415510
0.858429
0.507207
0.314148
0.261369
0.321348
0.459099
0.177679
0.394746
0.295755
0.162998
0.445312
0.239186
0.227993
0.677108
0.772188
0.682157
0.655212
0.420293
0.552216
0.550969
0.327941
0.474406
0.594133
0.683322
0.593638
0.419789
0.785772
0.620483
0.644388
0.544441
0.096955
0.525767
0.651948
0.635968
0.756183
0.777005
0.111803
0.873976
0.618732
0.814063
0.426581
0.413592
0.784483
0.309672
0.824689
0.642793
0.620872
0.444197
0.457104
0.357480
0.665491
0.558017
0.777848
0.517629
0.769081
0.493650
0.444958
0.644272
0.793448
0.651196
0.768106
0.550415
0.820384
0.533832
0.670580
0.772171
0.583284
0.473282
0.601272
0.890956
0.752555
0.505970
0.750580
0.182563
0.314999
0.539261
0.157257
0.418546
0.629858
0.522588
0.523481
0.333136
0.174652
0.512954
0.604187
0.274765
0.301394
0.257876
0.325332
0.261848
0.270222
0.134223
0.307561
0.235197
0.206986
0.413304
0.462537
0.645929
0.180701
0.031785
0.126172
0.231225
0.000000
0.298821
0.536451
0.357290
0.172004
0.184059
0.475044
0.420709
0.089834
0.088036
0.220042
0.351854
0.265185
0.166536
0.176686
0.240019
0.172617
0.358441
0.150444
0.409009
0.293924
0.405845
0.171939
0.318960
0.109607
0.350035
0.214466
0.382703
0.353070
0.236005
