0.232268
0.058073
0.143419
0.247195
0.150000
0.109126
0.123343
0.170502
0.115317
0.114323
0.113565
0.052143
0.063968
0.071023
0.037476
0.173201
0.166880
0.162453
0.022491
0.074834
0.160997
0.106783
0.143667
0.164796
0.107446
0.194709
0.208321
0.068359
0.120076
0.171828
0.190661
0.224609
0.238873
0.160310
0.229723
0.226563
0.275367
0.197810
0.072443
0.158878
0.198793
0.185204
0.092365
0.113944
0.186482
0.099420
0.110133
0.111162
0.152308
0.139714
0.133736
0.047917
0.195526
0.067270
0.038329
0.000000
0.087725
0.195881
0.194330
0.139063
0.046908
0.050462
0.072748
0.037849
0.075722
0.000000
0.098961
0.046490
0.088706
0.043366
0.004378
0.037547
0.038883
0.061913
0.055676
0.053261
0.063237
0.040021
0.052610
0.046908
0.039707
0.071808
0.054503
0.033517
0.034679
0.058336
0.075722
0.092712
0.044899
0.087266
0.012299
0.091342
0.072667
0.075605
0.075489
0.067789
0.046908
0.053795
0.038650
0.044701
0.031729
0.042228
0.119470
0.039800
0.098357
0.069032
0.097277
0.088694
0.063794
0.048406
0.026921
0.050241
0.080715
0.040021
0.066454
0.073770
0.075036
0.032205
0.096684
0.035143
0.306538
0.195098
0.207325
0.225377
0.275204
0.229212
0.233704
0.272902
0.187512
0.211332
0.248676
0.203888
0.242623
0.257759
0.243778
0.219274
0.165354
0.234075
0.142297
0.278270
0.166886
0.268888
0.271347
0.229048
0.121743
0.223045
0.197108
0.175057
0.249988
0.267219
0.206263
0.225812
0.196859
0.252640
0.080264
0.186970
0.223202
0.228706
0.180853
0.216629
0.214533
0.226132
0.221184
0.244355
0.191355
0.197729
0.188068
0.218511
0.000000
0.224307
0.206569
0.233690
0.238288
0.241133
0.159721
0.217727
0.042242
0.229633
0.218661
0.184924
0.332498
0.365477
0.324205
0.366466
0.315772
0.336833
0.355151
0.371500
0.328561
0.376190
0.364261
0.372242
0.332498
0.385397
0.315170
0.362852
0.315772
0.331401
0.338887
0.373307
0.317773
0.381643
0.376878
0.368596
0.384440
0.347352
0.382181
0.386849
0.352849
0.370468
0.288214
0.345223
0.370371
0.386602
0.350966
0.343512
0.334466
0.379987
0.344986
0.334552
0.304854
0.336026
0.375706
0.330400
0.346793
0.294797
0.376513
0.318461
0.350267
0.316794
0.339522
0.373791
0.316503
0.382235
0.363723
0.383181
0.351752
0.364541
0.350966
0.327152
0.291229
0.182083
0.234004
0.404874
0.219614
0.135398
0.140255
0.361323
0.370476
0.111385
0.159815
0.359577
0.541973
0.118390
0.237227
0.085290
0.252893
0.189938
0.338585
0.226104
0.306582
0.235033
0.326097
0.371036
0.465546
0.365329
0.557483
0.061545
0.455587
0.192377
0.199897
0.211535
0.274489
0.336213
0.256115
0.286530
0.666987
0.206387
0.415684
0.253877
0.448470
0.047378
0.213907
0.215138
0.146566
0.566949
0.372222
0.565875
0.168834
0.198689
0.283128
0.425464
0.320816
0.243941
0.353065
0.000000
0.358056
0.534499
0.157196
0.569814
0.047768
0.078454
0.022604
0.045007
0.048695
0.035329
0.037374
0.070964
0.032129
0.055850
0.003267
0.048322
0.021018
0.060436
0.062060
0.023206
0.043316
0.029540
0.056060
0.031183
0.040803
0.057465
0.031135
0.061592
0.041711
0.047223
0.061640
0.084444
0.049889
0.044625
0.049640
0.047653
0.014942
0.040822
0.071136
0.032645
0.030552
0.060235
0.119104
0.061181
0.039332
0.058802
0.014588
0.000000
0.048312
0.048800
0.059127
0.084864
0.069626
0.043965
0.016069
0.096873
0.038959
0.065041
0.059672
0.069903
0.029406
0.019719
0.048761
0.064496
0.087025
0.004359
0.092941
0.112743
0.076446
0.097482
0.036327
0.160427
0.093942
0.062480
0.099697
0.066303
0.099292
0.100890
0.067253
0.057170
0.090079
0.156887
0.132544
0.047745
0.110275
0.078742
0.065018
0.086752
0.053428
0.090018
0.056381
0.116080
0.000000
0.029298
0.057271
0.085144
0.020378
0.022492
0.096076
0.133536
0.009537
0.090028
0.084739
0.105390
0.041616
0.036084
0.128691
0.091090
0.103782
0.014583
0.061226
0.109031
0.097148
0.169660
0.140028
0.157858
0.081220
0.054015
0.062682
0.129956
0.114138
0.065119
0.016222
0.117162
