0.014942
0.014938
0.014874
0.014945
0.015181
0.014909
0.014984
0.015158
0.014907
0.015013
0.014997
0.015060
0.015069
0.015048
0.015091
0.014907
0.014997
0.014992
0.015022
0.015072
0.015087
0.015106
0.014988
0.014945
0.015074
0.014981
0.014919
0.014889
0.014924
0.014997
0.015060
0.015047
0.015017
0.015018
0.014987
0.015069
0.014985
0.015043
0.015083
0.014893
0.015010
0.015087
0.015011
0.015099
0.014940
0.014927
0.014985
0.014985
0.014903
0.014991
0.014998
0.015094
0.015021
0.015047
0.015051
0.014940
0.014904
0.014968
0.014943
0.015066
