0.038191
0.030634
0.026868
0.041254
0.034201
0.029419
0.027862
0.033384
0.024507
0.032806
0.043562
0.028502
0.032880
0.038467
0.026707
0.038433
0.025997
0.029524
0.028189
0.036380
0.027738
0.029002
0.038065
0.023439
0.025621
0.034198
0.025223
0.025593
0.026682
0.031813
0.038884
0.027226
0.027125
0.041767
0.028376
0.036110
0.036248
0.031680
0.028469
0.034731
0.031478
0.037646
0.034959
0.041015
0.027287
0.025533
0.027189
0.030359
0.034317
0.044990
0.028837
0.045069
0.031015
0.026000
0.025899
0.025287
0.032540
0.029722
0.032682
0.029811
