0.265146
0.252756
0.305553
0.244928
0.194078
0.306178
0.260163
0.204699
0.264361
0.234442
0.263367
0.288785
0.226533
0.219705
0.236677
0.236573
0.283402
0.257985
0.283565
0.228123
0.277227
0.195277
0.226949
0.266382
0.262932
0.230142
0.289151
0.284659
0.279811
0.250941
0.250783
0.260615
0.232923
0.238588
0.293824
0.258249
0.252740
0.263193
0.258523
0.247435
0.226186
0.239367
0.234425
0.254797
0.282016
0.271004
0.266240
0.273221
0.283070
0.234459
0.271044
0.244358
0.209917
0.231856
0.252585
0.270188
0.290440
0.234124
0.240508
0.268937
