0.039361
0.041191
0.045820
0.044413
0.044639
0.037828
0.040586
0.043956
0.044216
0.045034
0.043304
0.045796
0.044203
0.042377
0.039506
0.041942
0.040102
0.044361
0.028974
0.043038
0.036830
0.043560
0.046352
0.037423
0.042697
0.045028
0.042121
0.040367
0.045225
0.041176
0.041622
0.044270
0.043352
0.044884
0.036441
0.041535
0.042376
0.040535
0.042013
0.043369
0.044005
0.044014
0.042487
0.042718
0.041200
0.042865
0.037563
0.040105
0.042971
0.040860
0.044515
0.040275
0.043382
0.038252
0.045287
0.043614
0.045122
0.043360
0.044456
0.039602
