0.002765
0.002614
0.002847
0.002651
0.004147
0.003261
0.002767
0.003909
0.002705
0.002952
0.002849
0.002869
0.004012
0.002716
0.002518
0.002640
0.002522
0.004956
0.002388
0.003208
0.002826
0.004946
0.002798
0.003319
0.002549
0.002982
0.002714
0.002677
0.002543
0.002941
0.002849
0.002571
0.002338
0.002686
0.002765
0.002793
0.002621
0.002621
0.002650
0.003177
0.002751
0.002690
0.002840
0.003195
0.003016
0.002750
0.002524
0.002804
0.004275
0.002543
0.002621
0.002773
0.003987
0.003690
0.002474
0.002670
0.002988
0.003470
0.002791
0.002375
