1705.265259
1690.606079
1859.542725
1497.200928
1893.649902
1930.960449
1604.718262
1580.105469
1309.310425
1898.487061
1615.965210
1838.951294
1719.758301
1715.841797
2241.458252
1730.642578
1365.987183
1453.682495
1834.573730
1665.088989
1559.064941
1513.805054
1381.765747
1270.760864
1684.231567
1555.491333
1843.770386
1342.718872
1827.595825
1822.790039
1754.942871
1599.181396
1771.410645
1490.324341
1544.966553
1288.769409
1703.232910
1376.708740
1703.783081
1499.265015
1537.015625
1582.511841
1417.302612
1704.147705
1545.557861
1733.729248
1538.079712
1451.638550
1716.594604
1778.920044
1786.054321
1613.952759
1577.038086
1746.706421
1584.147095
1587.037720
1342.567383
1413.250854
1666.025146
1743.795044
