0.013375
0.015393
0.015159
0.017078
0.015540
0.018804
0.013852
0.013960
0.017736
0.013641
0.014207
0.016854
0.016715
0.014593
0.017384
0.017165
0.016724
0.018717
0.016836
0.014446
0.013990
0.017766
0.020000
0.014360
0.018187
0.015539
0.015397
0.014572
0.013973
0.013797
0.014993
0.014690
0.015696
0.015621
0.017451
0.017605
0.014489
0.014003
0.017652
0.015781
0.013669
0.018439
0.016433
0.016649
0.014181
0.013936
0.017786
0.015401
0.014237
0.016363
0.013749
0.016133
0.017178
0.013848
0.015873
0.015235
0.015449
0.013717
0.015948
0.013067
