0.011612
0.013616
0.013339
0.014817
0.012949
0.016605
0.012012
0.011738
0.015929
0.011799
0.012380
0.014627
0.014221
0.012463
0.015144
0.015079
0.014644
0.015927
0.014858
0.012326
0.012152
0.014848
0.017234
0.012752
0.016144
0.013427
0.013673
0.013096
0.012286
0.011818
0.012788
0.012734
0.013718
0.013418
0.015592
0.015055
0.012546
0.012209
0.015228
0.013596
0.011719
0.015675
0.014085
0.013942
0.012541
0.012263
0.015571
0.013327
0.012814
0.014097
0.012023
0.013683
0.014617
0.011965
0.014006
0.013438
0.014031
0.011799
0.013842
0.011361
