1705.265259
1690.606079
1651.740723
1497.200928
1536.163818
1930.960449
1604.718262
1580.105469
1309.310425
1898.487061
1406.091797
1838.951294
1719.758301
1715.841797
1779.189453
1730.642578
1365.987183
1335.711304
1834.573730
1665.088989
1559.064941
1513.805054
1381.765747
1270.760864
1684.231567
1555.491333
1530.424316
1342.718872
1827.595825
1822.790039
1754.942871
1599.181396
1544.618042
1490.324341
1544.966553
1288.769409
1703.232910
1376.708740
1703.783081
1499.265015
1537.015625
1582.511841
1417.302612
1704.147705
1545.557861
1733.729248
1538.079712
1451.638550
1301.472046
1546.058594
1786.054321
1609.511719
1577.038086
1746.706421
1584.147095
1587.037720
1294.305664
1413.250854
1666.025146
1743.795044
