0.415945
0.428124
0.440408
0.440095
0.416576
0.461217
0.432872
0.409128
0.456964
0.444386
0.461194
0.448368
0.432210
0.433537
0.424980
0.422627
0.438280
0.435562
0.477018
0.419476
0.442023
0.425034
0.414211
0.423760
0.446109
0.412958
0.411534
0.464221
0.457949
0.429026
0.450870
0.461004
0.436552
0.413556
0.435219
0.428381
0.411749
0.456803
0.426585
0.449237
0.421603
0.403795
0.422210
0.409237
0.445641
0.449645
0.424210
0.420605
0.436857
0.437055
0.450026
0.449852
0.420983
0.441278
0.436508
0.437615
0.428123
0.418623
0.410458
0.432800
