0.361111
0.378721
0.387534
0.381810
0.347115
0.407288
0.375375
0.344018
0.410401
0.384388
0.401880
0.389134
0.367720
0.370270
0.370224
0.371259
0.383775
0.370648
0.420991
0.357909
0.383968
0.355231
0.356916
0.376304
0.396011
0.356850
0.365469
0.417212
0.402643
0.367500
0.384563
0.399630
0.381539
0.355242
0.388850
0.366332
0.356524
0.398295
0.368020
0.387038
0.361443
0.343253
0.361881
0.342703
0.394101
0.395650
0.371369
0.363971
0.393213
0.376535
0.393526
0.381528
0.358219
0.381270
0.385154
0.386006
0.388823
0.360109
0.356251
0.376304
