0.169683
0.188886
0.175379
0.177352
0.172846
0.172369
0.184337
0.168054
0.169275
0.168416
0.180216
0.181915
0.172725
0.172194
0.177588
0.180494
0.177064
0.169786
0.160075
0.175227
0.178101
0.158546
0.176842
0.182507
0.155657
0.183566
0.173017
0.166537
0.176114
0.177501
0.173226
0.180823
0.175313
0.173153
0.146483
0.173113
0.181507
0.180713
0.186948
0.178590
0.177968
0.171299
0.171747
0.167293
0.174895
0.182225
0.192992
0.180032
0.101766
0.181314
0.172131
0.184727
0.171512
0.180826
0.177249
0.168637
0.123069
0.173833
0.179346
0.173600
