0.147313
0.167090
0.154324
0.153864
0.144025
0.152214
0.159852
0.141309
0.152026
0.145677
0.157038
0.157883
0.146953
0.147065
0.154706
0.158556
0.155044
0.144482
0.141274
0.149509
0.154709
0.132508
0.152381
0.162068
0.138177
0.158625
0.153650
0.149673
0.154845
0.152045
0.147751
0.156749
0.153220
0.148738
0.130876
0.148038
0.157162
0.157567
0.161283
0.153864
0.152574
0.145616
0.147206
0.140094
0.154668
0.160342
0.168952
0.155790
0.091599
0.156207
0.150520
0.156670
0.145941
0.156236
0.156396
0.148749
0.111772
0.149535
0.155661
0.150939
