0.493194
0.442712
0.564602
0.458914
0.451302
0.427047
0.444044
0.485397
0.546150
0.466774
0.468086
0.537428
0.406830
0.468894
0.638697
0.450892
0.399135
0.511642
0.452589
0.489469
0.538977
0.463217
0.540378
0.531091
0.403837
0.450230
0.670243
0.647447
0.560575
0.486977
0.465515
0.347327
0.416272
0.490232
0.495772
0.444478
0.474555
0.575177
0.472865
0.449761
0.481063
0.475964
0.481739
0.506411
0.324488
0.503707
0.525654
0.513474
0.527932
0.392001
0.581016
0.490928
0.456730
0.476949
0.535735
0.518351
0.746373
0.531670
0.405164
0.572489
