4392.000000
4333.000000
4348.000000
4387.000000
4402.000000
4336.000000
4329.000000
4430.000000
4269.000000
4407.000000
4362.000000
4307.000000
4430.000000
4413.000000
4292.000000
4377.000000
4302.000000
4395.000000
4240.000000
4381.000000
4279.000000
4445.000000
4410.000000
4313.000000
4212.000000
4394.000000
4315.000000
4276.000000
4314.000000
4400.000000
4379.000000
4319.000000
4301.000000
4397.000000
4233.000000
4384.000000
4384.000000
4341.000000
4334.000000
4413.000000
4352.000000
4402.000000
4402.000000
4447.000000
4306.000000
4322.000000
4303.000000
4352.000000
4214.000000
4398.000000
4325.000000
4385.000000
4447.000000
4346.000000
4284.000000
4316.000000
4205.000000
4407.000000
4407.000000
4313.000000
