3813.000000
3833.000000
3826.000000
3806.000000
3668.000000
3829.000000
3754.000000
3725.000000
3834.000000
3812.000000
3801.000000
3738.000000
3769.000000
3769.000000
3739.000000
3845.000000
3767.000000
3740.000000
3742.000000
3738.000000
3717.000000
3715.000000
3800.000000
3830.000000
3739.000000
3797.000000
3832.000000
3843.000000
3793.000000
3769.000000
3735.000000
3744.000000
3759.000000
3777.000000
3782.000000
3749.000000
3796.000000
3785.000000
3739.000000
3802.000000
3731.000000
3742.000000
3773.000000
3724.000000
3808.000000
3803.000000
3767.000000
3766.000000
3793.000000
3789.000000
3782.000000
3719.000000
3784.000000
3755.000000
3780.000000
3807.000000
3819.000000
3791.000000
3825.000000
3750.000000
