0.338207
0.356904
0.321611
0.391169
0.402095
0.361014
0.306900
0.485397
0.476125
0.466774
0.371954
0.442123
0.380528
0.402347
0.364396
0.329647
0.394722
0.362891
0.452589
0.340729
0.538977
0.463217
0.330372
0.413675
0.403837
0.413352
0.401774
0.486222
0.472612
0.356788
0.377539
0.347327
0.416272
0.450405
0.495772
0.386140
0.361456
0.493729
0.431992
0.388878
0.316650
0.389556
0.358038
0.506411
0.324488
0.411108
0.312166
0.332166
0.434780
0.337428
0.486571
0.363404
0.417108
0.428487
0.465576
0.518351
0.477061
0.531670
0.405164
0.572489
