0.012549
0.012593
0.012588
0.012568
0.012630
0.012635
0.012636
0.012625
0.012585
0.012580
0.012631
0.012649
0.012567
0.012597
0.012596
0.012609
0.012556
0.012653
0.012633
0.012543
0.012588
0.012595
0.012655
0.012598
0.012647
0.012560
0.012589
0.012622
0.012600
0.012605
0.012577
0.012681
0.012584
0.012569
0.012628
0.012609
0.012576
0.012639
0.012556
0.012640
0.012621
0.012565
0.012661
0.012622
0.012591
0.012524
0.012590
0.012597
0.012640
0.012650
0.012637
0.012593
0.012694
0.012593
0.012591
0.012601
0.012624
0.012629
0.012528
0.012556
