0.073661
0.066616
0.068197
0.075901
0.052443
0.055874
0.073067
0.061312
0.061646
0.065398
0.065792
0.061791
0.059925
0.072351
0.072158
0.067198
0.072366
0.064065
0.056209
0.071236
0.059411
0.064315
0.061638
0.052666
0.065099
0.073461
0.072929
0.060300
0.064196
0.072895
0.071199
0.066520
0.065477
0.064315
0.071505
0.061203
0.066639
0.072672
0.058592
0.075829
0.066359
0.072680
0.077381
0.061582
0.073114
0.059903
0.057848
0.060952
0.077499
0.076108
0.071751
0.067149
0.051377
0.073133
0.058853
0.057552
0.066328
0.072524
0.070281
0.075399
