0.050624
0.052267
0.049154
0.049316
0.044544
0.045645
0.043106
0.052869
0.048604
0.051151
0.044981
0.048179
0.046544
0.052787
0.046530
0.048757
0.044505
0.048170
0.043664
0.048004
0.049050
0.046255
0.046395
0.040789
0.034450
0.054080
0.050905
0.048428
0.030678
0.043711
0.047076
0.047366
0.051081
0.033087
0.043011
0.046338
0.042930
0.046538
0.038756
0.044960
0.044398
0.036212
0.053865
0.045441
0.043673
0.050470
0.040592
0.044183
0.052573
0.051402
0.050074
0.044383
0.049902
0.042892
0.046089
0.046134
0.046239
0.047145
0.045135
0.043320
