0.005229
0.005772
0.004911
0.004974
0.005513
0.004971
0.005017
0.004617
0.005432
0.005067
0.004972
0.005719
0.005673
0.005084
0.004581
0.005001
0.004922
0.004629
0.004885
0.005446
0.004978
0.005573
0.004956
0.004724
0.004816
0.005280
0.005262
0.004976
0.005405
0.005394
0.005197
0.005307
0.004864
0.005274
0.004752
0.004519
0.004439
0.004585
0.004330
0.004341
0.004499
0.005632
0.005227
0.004515
0.004700
0.004879
0.004390
0.004676
0.005007
0.005186
0.005003
0.004732
0.005424
0.005384
0.005418
0.004699
0.004575
0.005013
0.005487
0.004925
