0.332227
0.313602
0.326825
0.311061
0.322257
0.308198
0.318421
0.314239
0.335749
0.285403
0.318667
0.300642
0.327321
0.347482
0.340298
0.306214
0.336358
0.304804
0.298163
0.317358
0.348899
0.315220
0.321773
0.325796
0.291743
0.324559
0.312625
0.288334
0.304186
0.306857
0.364539
0.333134
0.327864
0.299801
0.299291
0.316352
0.314197
0.305261
0.337899
0.328648
0.320003
0.318268
0.323654
0.297440
0.300163
0.333037
0.338980
0.317438
0.333516
0.308983
0.321145
0.327158
0.323941
0.324070
0.323108
0.319569
0.323515
0.348437
0.328338
0.310210
