1265.205322
1474.151855
1534.629272
1360.392944
1172.865845
1071.490234
1256.342651
1135.792969
1009.942505
864.510010
1358.856323
1040.246460
1484.016846
1250.001343
1437.571411
1321.741943
1360.858032
1113.424805
1108.501587
1164.313721
1179.348511
1342.258789
1013.455322
1405.357788
1846.776123
1122.564941
1073.731567
1317.085693
2740.040771
1145.822876
1019.905701
1026.553223
1057.129028
1337.035889
1406.924927
1610.072266
1998.380371
1373.668945
1246.331177
1368.551514
1157.828979
1310.352783
1246.561768
987.040588
2023.230835
1522.140869
1396.781616
1680.234741
1356.492188
1138.904419
1403.228516
1487.946777
1368.193970
1473.443604
1882.839600
1277.946899
1101.047607
1315.308105
1347.790894
1266.582153
