0.008867
0.007914
0.008734
0.006863
0.009632
0.007291
0.007425
0.010311
0.007233
0.007055
0.006752
0.006609
0.007889
0.006863
0.007052
0.006885
0.007023
0.007132
0.007414
0.008171
0.006233
0.007739
0.007970
0.006539
0.005770
0.008672
0.007251
0.008432
0.004707
0.005214
0.007726
0.007836
0.008935
0.008242
0.007143
0.010099
0.008012
0.007812
0.007669
0.008426
0.009258
0.009057
0.008694
0.008081
0.006776
0.010621
0.009865
0.010620
0.007965
0.007139
0.007946
0.007766
0.007810
0.008042
0.009267
0.008603
0.009272
0.008796
0.007156
0.006873
