0.008036
0.007126
0.007864
0.006197
0.008648
0.006523
0.006681
0.009220
0.006498
0.006365
0.006060
0.005899
0.007116
0.006205
0.006349
0.006256
0.006365
0.006343
0.006655
0.007447
0.005596
0.006974
0.007124
0.005910
0.005187
0.007873
0.006499
0.007555
0.004292
0.004723
0.006964
0.006934
0.008053
0.007476
0.006348
0.009087
0.007265
0.006974
0.006979
0.007588
0.008326
0.008224
0.007718
0.007285
0.006049
0.009735
0.008945
0.009537
0.007115
0.006344
0.007103
0.006944
0.006948
0.007242
0.008343
0.007720
0.008318
0.007874
0.006553
0.006220
