5977.000000
5939.000000
5954.000000
5974.000000
5918.000000
5898.000000
5926.000000
5916.000000
5945.000000
5953.000000
5924.000000
5901.000000
5958.000000
5974.000000
5956.000000
5955.000000
5980.000000
5889.000000
5935.000000
5997.000000
5936.000000
5944.000000
5897.000000
5964.000000
5893.000000
5996.000000
5930.000000
5930.000000
5949.000000
5945.000000
5954.000000
5870.000000
5932.000000
5945.000000
5880.000000
5941.000000
5991.000000
5888.000000
5998.000000
5934.000000
5941.000000
5962.000000
5866.000000
5940.000000
5903.000000
6026.000000
5981.000000
5932.000000
5901.000000
5883.000000
5915.000000
5923.000000
5890.000000
5969.000000
5935.000000
5928.000000
5932.000000
5912.000000
6009.000000
5965.000000
