1323.828735
1474.151855
1534.629272
1360.392944
1600.503540
1386.676880
1256.342651
1685.977295
1516.836426
1643.107422
1358.856323
1235.407471
1484.016846
1683.938110
1780.998535
1608.099609
1739.015869
1541.000977
1487.450928
1784.553955
1339.178589
1893.183960
1013.455322
1805.686523
1877.295654
1222.761597
1116.324097
1368.700562
3751.442871
1501.328857
1610.142822
2028.325439
1295.063965
1606.794312
1406.924927
1813.608154
1998.380371
1716.939453
1388.435181
1649.409424
1558.689575
1712.001343
1445.623291
2220.391602
2023.230835
1522.140869
1396.781616
1680.234741
1513.543457
1138.904419
1500.379883
1487.946777
1368.193970
1613.526855
1882.839600
1277.946899
1975.881714
1747.202759
1347.790894
1266.582153
