0.000033
0.000054
0.000027
0.000028
0.000039
0.000028
0.000076
0.000191
0.000047
0.000018
0.000033
0.000028
0.000011
0.000041
0.000034
0.000033
0.000008
0.000037
0.000020
0.000043
0.000042
0.000018
0.000052
0.000018
0.000033
0.000036
0.000034
0.000052
0.000044
0.000014
0.000014
0.000014
0.000039
0.000040
0.000044
0.000055
0.000017
0.000023
0.000010
0.000038
0.000009
0.000025
0.000179
0.000051
0.000033
0.000049
0.000012
0.000006
0.000010
0.000039
0.000056
0.000046
0.000029
0.000035
0.000012
0.000046
0.000020
0.000066
0.000036
0.000008
