6595.000000
6596.000000
6612.000000
6616.000000
6591.000000
6592.000000
6586.000000
6616.000000
6617.000000
6599.000000
6601.000000
6611.000000
6605.000000
6608.000000
6615.000000
6554.000000
6599.000000
6621.000000
6612.000000
6580.000000
6612.000000
6596.000000
6597.000000
6599.000000
6555.000000
6605.000000
6616.000000
6618.000000
6524.000000
6563.000000
6605.000000
6634.000000
6581.000000
6554.000000
6616.000000
6603.000000
6607.000000
6596.000000
6591.000000
6589.000000
6606.000000
6566.000000
6608.000000
6589.000000
6613.000000
6574.000000
6596.000000
6606.000000
6606.000000
6620.000000
6617.000000
6624.000000
6621.000000
6628.000000
6592.000000
6606.000000
6612.000000
6604.000000
6562.000000
6592.000000
