0.287945
0.297150
0.315941
0.284764
0.304961
0.321450
0.314303
0.312424
0.298020
0.285952
0.312680
0.318560
0.294322
0.297215
0.292366
0.300732
0.294590
0.289835
0.281155
0.300152
0.289625
0.288357
0.303168
0.310653
0.324333
0.288266
0.272219
0.279994
0.293838
0.272436
0.296139
0.310220
0.301018
0.287305
0.282497
0.310313
0.308158
0.275925
0.281141
0.289270
0.299879
0.295461
0.280720
0.285931
0.288371
0.290386
0.302911
0.282622
0.302604
0.291541
0.302554
0.283213
0.293913
0.280024
0.300061
0.287769
0.301724
0.298607
0.295489
0.284587
