0.317718
0.330022
0.350857
0.315367
0.339642
0.359274
0.349308
0.349391
0.331707
0.316983
0.348413
0.356889
0.326284
0.328758
0.324715
0.330982
0.325084
0.325862
0.313227
0.329331
0.322608
0.319987
0.339155
0.343729
0.360767
0.317545
0.303710
0.312479
0.322239
0.300757
0.328519
0.350596
0.333951
0.316737
0.317857
0.344891
0.339843
0.309103
0.308936
0.321200
0.333446
0.325394
0.316229
0.317172
0.323056
0.316794
0.334058
0.314734
0.338756
0.328064
0.338462
0.316731
0.330390
0.310940
0.333277
0.320682
0.336312
0.333559
0.322683
0.314501
