0.058529
0.050788
0.058681
0.060611
0.057047
0.058708
0.053599
0.064238
0.058637
0.056069
0.059082
0.055816
0.059349
0.059625
0.056387
0.055996
0.058797
0.063586
0.062008
0.055319
0.060042
0.057459
0.055783
0.058342
0.055072
0.058895
0.055169
0.060441
0.051042
0.053329
0.055564
0.056979
0.052272
0.052792
0.058192
0.062244
0.051612
0.057914
0.058565
0.059797
0.054042
0.054066
0.060987
0.058582
0.059126
0.052632
0.056246
0.059946
0.058583
0.064653
0.062415
0.064010
0.056940
0.055220
0.055977
0.061762
0.060345
0.055875
0.052728
0.061135
