0.064581
0.056407
0.065166
0.067124
0.063535
0.065615
0.059568
0.071839
0.065265
0.062154
0.065834
0.062532
0.065794
0.065952
0.062626
0.061629
0.064883
0.071489
0.069082
0.060697
0.066880
0.063762
0.062405
0.064554
0.061259
0.064877
0.061551
0.067454
0.055976
0.058873
0.061639
0.064395
0.057991
0.058200
0.065476
0.069180
0.056919
0.064878
0.064355
0.066397
0.060091
0.059544
0.068701
0.064983
0.066238
0.057418
0.062030
0.066757
0.065582
0.072752
0.069822
0.071585
0.064007
0.061317
0.062174
0.068826
0.067262
0.062415
0.057580
0.067561
