0.493151
0.557343
0.512475
0.554307
0.529219
0.455293
0.603022
0.498627
0.470613
0.469642
0.511157
0.568316
0.503742
0.517882
0.510018
0.499125
0.513030
0.584679
0.516618
0.511531
0.496586
0.528564
0.522780
0.543008
0.542971
0.544803
0.536636
0.507693
0.504295
0.476339
0.489912
0.438109
0.512490
0.509640
0.541724
0.465927
0.505341
0.559423
0.507708
0.496727
0.536028
0.486686
0.448239
0.501987
0.493115
0.482488
0.531886
0.484769
0.549415
0.487374
0.452565
0.485355
0.460016
0.489632
0.476717
0.511584
0.492180
0.471640
0.556274
0.550959
