0.182371
0.124192
0.127090
0.040446
0.218559
0.438132
0.150207
0.089954
0.562824
0.210085
0.152164
0.348517
0.004972
0.161093
0.320214
0.043285
0.039505
0.282092
0.410330
0.124199
0.485367
0.079127
0.181893
0.295251
0.516928
0.000000
0.142153
0.547974
0.171346
0.246957
0.033760
0.351797
0.356034
0.219699
0.383344
0.098824
0.122728
0.231423
0.054649
0.124376
0.101545
0.080112
0.214793
0.076825
0.077737
0.075339
0.178127
0.102678
0.155834
0.259593
0.393067
0.280048
0.084423
0.174965
0.554160
0.202068
0.224362
0.089336
0.070087
0.188351
