0.055945
0.342522
0.379547
0.325885
0.230957
0.389170
0.305823
0.259990
0.451150
0.379710
0.305170
0.377426
0.320013
0.280868
0.312673
0.350514
0.375795
0.300114
0.389007
0.285924
0.414451
0.302887
0.295221
0.360953
0.499755
0.323601
0.367314
0.455717
0.359321
0.330126
0.269777
0.360789
0.327679
0.309901
0.574621
0.307943
0.301745
0.340238
0.284130
0.349372
0.345947
0.283477
0.345458
0.238460
0.342032
0.323275
0.320665
0.342359
1.000000
0.291633
0.377263
0.285761
0.274670
0.306965
0.343826
0.388191
0.763497
0.267004
0.329310
0.332409
