0.000000
0.462224
0.744635
0.436130
0.024922
0.809499
0.418666
0.063360
0.470407
0.362117
0.450295
0.623615
0.291167
0.276926
0.407944
0.420433
0.573689
0.554335
0.455345
0.345047
0.479743
0.084735
0.367526
0.547780
0.241406
0.327501
0.624802
0.621393
0.507617
0.447756
0.363379
0.550237
0.257890
0.411525
0.492755
0.436937
0.477272
0.534636
0.452627
0.397443
0.278244
0.388004
0.371921
0.418632
0.634868
0.426159
0.454938
0.532498
0.189535
0.345005
0.574254
0.395559
0.153118
0.379400
0.404605
0.583114
0.367981
0.341804
0.345550
0.458961
