0.306538
0.195098
0.207325
0.225377
0.275204
0.229212
0.233704
0.272902
0.187512
0.211332
0.248676
0.203888
0.242623
0.257759
0.243778
0.219274
0.165354
0.234075
0.142297
0.278270
0.166886
0.268888
0.271347
0.229048
0.121743
0.223045
0.197108
0.175057
0.249988
0.267219
0.206263
0.225812
0.196859
0.252640
0.080264
0.186970
0.223202
0.228706
0.180853
0.216629
0.214533
0.226132
0.221184
0.244355
0.191355
0.197729
0.188068
0.218511
0.000000
0.224307
0.206569
0.233690
0.238288
0.241133
0.159721
0.217727
0.042242
0.229633
0.218661
0.184924
