0.348882
0.090278
0.068462
0.104515
0.220226
0.146453
0.105061
0.192037
0.173408
0.203491
0.066711
0.191147
0.248443
0.157907
0.159916
0.114476
0.095818
0.136034
0.105290
0.081235
0.155984
0.182966
0.192525
0.002899
0.277865
0.182220
0.018773
0.075408
0.105577
0.226656
0.180297
0.104085
0.138158
0.293338
0.602750
0.133881
0.185263
0.133421
0.119557
0.341849
0.143152
0.211126
0.137670
0.337342
0.096880
0.104544
0.000000
0.118925
0.729024
0.321124
0.180038
0.207481
0.275196
0.101157
0.109366
0.078221
1.000000
0.204983
0.249189
0.147458
