0.058241
0.146985
0.475027
0.130128
0.067249
0.357563
0.380396
0.317606
0.542187
0.128701
0.201748
0.409204
0.233767
0.091777
0.337317
0.329647
0.400018
0.360863
0.503300
0.051284
0.463967
0.200499
0.460132
0.240813
0.551998
0.226275
0.147164
0.492686
0.344898
0.162772
0.314663
0.288173
0.355066
0.255173
0.371745
0.310560
0.344006
0.229486
0.480467
0.248395
0.076793
0.169550
0.327239
0.389761
0.527827
0.201213
0.281663
0.708259
0.180253
0.157777
0.324563
0.559222
0.441848
0.000000
0.112826
0.270425
0.500714
0.204335
0.218873
0.619426
