0.716892
0.631405
0.995688
0.577394
0.226544
1.000000
0.682511
0.299826
0.711476
0.505044
0.704617
0.879994
0.450474
0.403363
0.520464
0.519747
0.842853
0.667483
0.843977
0.461445
0.800247
0.234817
0.453344
0.725420
0.701616
0.475375
0.882519
0.851526
0.818076
0.618882
0.617792
0.685629
0.494563
0.533650
0.914761
0.669305
0.631294
0.703417
0.671195
0.594691
0.448080
0.539025
0.504926
0.645487
0.833290
0.757310
0.724440
0.772607
0.840562
0.505161
0.757586
0.573461
0.335829
0.487201
0.630225
0.751680
0.891413
0.502850
0.546897
0.743049
