0.833819
0.970726
0.874429
0.888495
0.856370
0.852969
0.938294
0.822205
0.830911
0.824786
0.908914
0.921027
0.855507
0.851721
0.890178
0.910896
0.886442
0.834554
0.765319
0.873345
0.893835
0.754418
0.884859
0.925248
0.733821
0.932798
0.857589
0.811390
0.879669
0.889557
0.859079
0.913242
0.873958
0.858559
0.668416
0.858273
0.918118
0.912457
0.956910
0.897321
0.892887
0.845341
0.848535
0.816780
0.870978
0.923237
1.000000
0.907602
0.349608
0.916742
0.851272
0.941075
0.846859
0.913263
0.887761
0.826362
0.501486
0.863407
0.902711
0.861745
