0.409115
0.589101
0.568230
0.739386
0.602212
0.893329
0.451659
0.461291
0.798073
0.432840
0.483321
0.719408
0.707010
0.517749
0.766679
0.747146
0.707813
0.885569
0.717802
0.504638
0.463967
0.800749
1.000000
0.496968
0.838298
0.602123
0.589458
0.515876
0.462451
0.446753
0.553425
0.526400
0.616126
0.609436
0.772654
0.786390
0.508473
0.465127
0.790582
0.623707
0.435337
0.860774
0.681859
0.701124
0.481002
0.459151
0.802533
0.589814
0.485997
0.675615
0.442472
0.655102
0.748305
0.451302
0.631912
0.575009
0.594096
0.439618
0.638601
0.381645
