0.550798
0.640377
0.730728
0.728425
0.555440
0.883781
0.675299
0.500658
0.852500
0.759986
0.883612
0.789275
0.670430
0.680190
0.617252
0.599946
0.715076
0.695085
1.000000
0.576769
0.742606
0.617649
0.538045
0.608279
0.772659
0.528829
0.518355
0.905876
0.859744
0.647011
0.807677
0.882214
0.702366
0.533227
0.692562
0.642267
0.519936
0.851315
0.629057
0.795666
0.592414
0.461433
0.596878
0.501460
0.769217
0.798667
0.611589
0.585073
0.704609
0.706066
0.801470
0.800190
0.587854
0.737127
0.702043
0.710185
0.640370
0.570496
0.510441
0.674770
