0.535838
0.318914
0.210810
0.623762
0.421305
0.284037
0.239343
0.397853
0.143038
0.381261
0.690013
0.257714
0.383385
0.543761
0.206189
0.542785
0.185808
0.287051
0.248730
0.483853
0.235784
0.272067
0.532221
0.112381
0.175015
0.421219
0.163590
0.174211
0.205471
0.352757
0.555731
0.221087
0.218188
0.638488
0.254098
0.476103
0.480064
0.348939
0.256767
0.436519
0.343141
0.520194
0.443063
0.616902
0.222838
0.172489
0.220025
0.311020
0.424635
0.731004
0.267331
0.733272
0.329850
0.185894
0.182995
0.165428
0.373626
0.292735
0.377702
0.295289
