0.069646
0.045017
0.083021
0.051052
0.295058
0.150546
0.069972
0.256239
0.059860
0.100147
0.083347
0.086609
0.273039
0.061654
0.029359
0.049258
0.030011
0.427010
0.008155
0.141902
0.079595
0.425379
0.075029
0.160007
0.034415
0.105040
0.061328
0.055293
0.033437
0.098353
0.083347
0.038004
0.000000
0.056761
0.069646
0.074213
0.046159
0.046159
0.050889
0.136846
0.067363
0.057413
0.081879
0.139781
0.110586
0.067199
0.030338
0.076007
0.315935
0.033437
0.046159
0.070951
0.268961
0.220519
0.022182
0.054151
0.106019
0.184635
0.073887
0.006035
