0.015970
0.015901
0.016007
0.015943
0.016017
0.016083
0.015961
0.016002
0.015823
0.015913
0.015882
0.016217
0.015929
0.015899
0.015881
0.016060
0.016034
0.015992
0.015996
0.015915
0.016110
0.015954
0.015866
0.015847
0.016018
0.016079
0.015915
0.015904
0.016092
0.016131
0.015966
0.016161
0.015856
0.015915
0.015971
0.015990
0.016041
0.015987
0.016006
0.016196
0.016019
0.015939
0.015966
0.016055
0.015861
0.015948
0.015939
0.016122
0.016028
0.016048
0.016086
0.015971
0.015885
0.016025
0.016054
0.016053
0.016088
0.015939
0.015942
0.016039
