0.043768
0.045968
0.049017
0.042588
0.045964
0.044331
0.043659
0.048230
0.047871
0.045667
0.045458
0.049080
0.049202
0.051041
0.035810
0.048728
0.046293
0.051437
0.045739
0.048214
0.049254
0.051654
0.050381
0.049302
0.047052
0.049122
0.047791
0.039769
0.048171
0.043940
0.049475
0.045278
0.051882
0.047423
0.047158
0.048177
0.045321
0.051137
0.047994
0.044235
0.047626
0.043831
0.049771
0.049271
0.046638
0.047259
0.050824
0.045426
0.050531
0.046040
0.049303
0.049539
0.046403
0.047897
0.048715
0.046073
0.047616
0.040787
0.043727
0.046734
