0.034211
0.032134
0.029563
0.028152
0.033799
0.029131
0.031111
0.029837
0.032994
0.031997
0.029808
0.028741
0.030535
0.032368
0.028305
0.026605
0.030503
0.031096
0.031078
0.031731
0.026678
0.031361
0.031490
0.028599
0.033624
0.028720
0.029823
0.040805
0.029828
0.031678
0.030538
0.034801
0.032771
0.027221
0.035090
0.032184
0.030715
0.036502
0.027793
0.030198
0.031023
0.028483
0.033480
0.033708
0.026090
0.033198
0.028768
0.034138
0.030769
0.028498
0.034408
0.028898
0.034928
0.033832
0.030954
0.033876
0.029987
0.030726
0.032351
0.028679
