0.004040
0.005032
0.005018
0.005585
0.005044
0.005318
0.004407
0.005229
0.005368
0.004122
0.005797
0.005455
0.006259
0.004906
0.004858
0.004975
0.005290
0.004825
0.005134
0.006131
0.005566
0.005558
0.005349
0.005371
0.006330
0.004744
0.004477
0.003015
0.004362
0.004240
0.005460
0.004588
0.004273
0.006354
0.005228
0.003945
0.005607
0.003736
0.005915
0.006096
0.006828
0.005143
0.005466
0.004655
0.003547
0.004212
0.004439
0.004185
0.005385
0.005980
0.006151
0.006216
0.005905
0.004473
0.004526
0.005187
0.005441
0.005281
0.005015
0.003621
