0.218793
0.214992
0.177487
0.165143
0.216413
0.243449
0.225949
0.177229
0.191016
0.205099
0.200626
0.247805
0.199133
0.229711
0.196183
0.250032
0.206012
0.196766
0.139268
0.175469
0.254548
0.233315
0.101390
0.208657
0.231299
0.190371
0.200297
0.148680
0.137509
0.182785
0.195332
0.202049
0.205940
0.224409
0.175324
0.209682
0.242876
0.252836
0.189758
0.247912
0.141104
0.216689
0.200466
0.150220
0.194607
0.113312
0.196083
0.204881
0.183743
0.243627
0.199934
0.196088
0.185221
0.166982
0.225817
0.151828
0.225923
0.195111
0.150644
0.171942
