3373.000000
3372.000000
3388.000000
3394.000000
3362.000000
3359.000000
3398.000000
3377.000000
3427.000000
3374.000000
3386.000000
3297.000000
3384.000000
3393.000000
3419.000000
3378.000000
3350.000000
3373.000000
3384.000000
3373.000000
3376.000000
3366.000000
3430.000000
3403.000000
3358.000000
3363.000000
3362.000000
3393.000000
3392.000000
3352.000000
3339.000000
3318.000000
3419.000000
3363.000000
3364.000000
3371.000000
3373.000000
3373.000000
3353.000000
3296.000000
3353.000000
3352.000000
3371.000000
3342.000000
3403.000000
3360.000000
3412.000000
3311.000000
3345.000000
3359.000000
3332.000000
3374.000000
3408.000000
3373.000000
3383.000000
3379.000000
3398.000000
3416.000000
3417.000000
3387.000000
