0.004094
0.006394
0.006110
0.006090
0.006584
0.006621
0.004604
0.006848
0.003818
0.008348
0.007096
0.007357
0.005611
0.005326
0.006176
0.005383
0.004852
0.005070
0.002805
0.006099
0.004118
0.004578
0.004852
0.007150
0.007364
0.006872
0.006911
0.006656
0.005334
0.007730
0.007368
0.006589
0.007200
0.006104
0.004344
0.005582
0.005634
0.005922
0.009871
0.004341
0.005111
0.004060
0.005854
0.005063
0.009050
0.007092
0.005118
0.004533
0.007381
0.004840
0.005065
0.007910
0.006356
0.005628
0.006332
0.006855
0.005599
0.006122
0.006918
0.007707
