1996.216309
2104.226318
2085.628662
2170.824463
1781.877686
1913.632690
2159.260010
1834.221558
2084.260986
1847.923706
1893.487305
1828.750000
1653.037598
1944.374634
1684.164062
1738.841919
2088.025391
1599.424927
1492.662720
1849.280273
1649.378418
1535.494263
1892.567627
2017.005005
1680.070068
2220.730957
1908.707031
1927.430420
1554.762329
2054.132568
1730.677368
1880.705200
1883.322632
1453.703979
1717.735107
1977.198730
1727.733765
1988.680664
1995.209351
1744.298584
2035.250366
1775.447021
1943.753540
1446.129272
2065.260010
1943.678223
1960.180542
1995.618774
1987.103271
1810.940186
1772.778687
1562.625854
1940.842896
1311.938232
2117.500977
1787.104980
1816.060913
2099.579102
1915.222778
2142.658203
