0.004744
0.007414
0.007084
0.007071
0.007733
0.007740
0.005297
0.007995
0.004377
0.009781
0.008269
0.008796
0.006501
0.006189
0.007020
0.006217
0.005672
0.005929
0.003251
0.007115
0.004739
0.005348
0.005539
0.008228
0.008636
0.008029
0.008031
0.007663
0.006191
0.008950
0.008685
0.007836
0.008190
0.007136
0.005054
0.006526
0.006522
0.006819
0.011631
0.005158
0.005965
0.004773
0.006823
0.005984
0.009991
0.008333
0.005862
0.005436
0.008670
0.005656
0.006002
0.009188
0.007336
0.006522
0.007390
0.007991
0.006474
0.007026
0.007902
0.008562
