1920.104370
1314.979248
2085.628662
1621.590210
1591.736572
1913.632690
1215.418701
1809.976685
2084.260986
1621.201538
1893.487305
1828.750000
1208.324341
1944.374634
1456.086426
1355.418701
2088.025391
1599.424927
1492.662720
1582.376587
1649.378418
1535.494263
1892.567627
1448.291748
1484.466064
1799.369873
1556.117920
1813.525513
1554.762329
1452.203369
1579.956787
1880.705200
1196.374023
1453.703979
1406.246094
1977.198730
1412.112915
1988.680664
1995.209351
1744.298584
2035.250366
1775.447021
1943.753540
1294.289673
1662.405029
1240.583496
1285.542603
1995.618774
1847.721069
1249.570068
1772.778687
1549.710938
1772.691406
1311.938232
2117.500977
1787.104980
1691.122925
2043.798584
1489.826294
2142.658203
