0.358495
0.351407
0.346741
0.327836
0.338313
0.334861
0.337596
0.375602
0.335963
0.356944
0.343132
0.337139
0.341239
0.359117
0.357180
0.357088
0.364913
0.345247
0.346252
0.341042
0.344144
0.340285
0.353422
0.350102
0.343575
0.342581
0.337599
0.332821
0.327153
0.332904
0.342988
0.332235
0.332476
0.336979
0.337848
0.329104
0.338796
0.347065
0.349532
0.339377
0.350626
0.343314
0.336981
0.327089
0.326058
0.322442
0.343910
0.313271
0.321710
0.351248
0.347176
0.335545
0.334096
0.318496
0.356636
0.337903
0.352507
0.344898
0.329234
0.336965
