0.415357
0.407473
0.402007
0.380672
0.397382
0.391486
0.388464
0.438555
0.385177
0.418198
0.399882
0.403094
0.395390
0.417330
0.405967
0.412374
0.426567
0.403795
0.401300
0.397865
0.396031
0.397504
0.403499
0.402880
0.402918
0.400238
0.392326
0.383142
0.379717
0.385442
0.404313
0.395118
0.378181
0.393993
0.392985
0.384752
0.392232
0.399644
0.411870
0.403216
0.409186
0.403640
0.392762
0.386595
0.359977
0.378869
0.393904
0.375717
0.377877
0.410539
0.411465
0.389745
0.385563
0.369108
0.416199
0.393904
0.407593
0.395785
0.376061
0.374373
