3908.000000
3910.000000
3928.000000
3941.000000
3949.000000
3927.000000
3910.000000
3943.000000
3929.000000
3953.000000
3946.000000
3942.000000
3921.000000
3943.000000
3886.000000
3901.000000
3916.000000
3945.000000
3922.000000
3935.000000
3885.000000
3932.000000
3916.000000
3916.000000
3938.000000
3929.000000
3907.000000
3906.000000
3937.000000
3881.000000
3936.000000
3946.000000
3889.000000
3932.000000
3913.000000
3941.000000
3905.000000
3884.000000
3951.000000
3916.000000
3913.000000
3941.000000
3929.000000
3950.000000
3757.000000
3948.000000
3908.000000
3971.000000
3929.000000
3926.000000
3949.000000
3919.000000
3933.000000
3909.000000
3948.000000
3939.000000
3929.000000
3920.000000
3903.000000
3763.000000
