0.091095
0.091049
0.079430
0.084243
0.082299
0.083524
0.084910
0.080649
0.087809
0.082975
0.073239
0.084475
0.078551
0.089526
0.099331
0.089721
0.092697
0.075032
0.087200
0.082338
0.087259
0.080366
0.085291
0.082227
0.081260
0.082718
0.086511
0.084741
0.080010
0.091987
0.080793
0.082108
0.084598
0.085453
0.087401
0.085004
0.087836
0.091658
0.083270
0.085546
0.082034
0.083989
0.089081
0.081013
0.101677
0.082573
0.085977
0.079829
0.074319
0.088130
0.075715
0.080378
0.090262
0.081607
0.082573
0.087332
0.086027
0.083163
0.089675
0.096731
