0.105544
0.105575
0.092090
0.097820
0.096669
0.097648
0.097705
0.094166
0.100671
0.097214
0.085351
0.101001
0.091017
0.104038
0.112899
0.103612
0.108358
0.087756
0.101064
0.096057
0.100415
0.093880
0.097376
0.094622
0.095295
0.096640
0.100535
0.097554
0.092866
0.106504
0.095238
0.097649
0.096227
0.099911
0.101665
0.099377
0.101690
0.105544
0.098121
0.101638
0.095735
0.098747
0.103827
0.095751
0.112254
0.097024
0.098476
0.095741
0.087294
0.103007
0.089736
0.093361
0.104167
0.094575
0.096364
0.101805
0.099470
0.095433
0.102429
0.107470
