0.575226
0.819271
0.576431
0.523857
0.654597
0.593452
0.736646
0.594585
0.588287
0.643495
0.670817
0.677502
0.493351
0.674670
0.566442
0.575586
0.857181
0.616937
0.811622
0.754647
0.758656
0.576776
0.579494
0.607822
0.599943
0.622840
0.750855
0.645119
0.653473
0.680264
0.880603
0.622616
0.506360
0.658641
0.597948
0.609820
0.556682
0.504086
0.529803
0.620209
0.503316
0.783305
0.531646
0.592695
0.539485
0.634800
0.628905
0.615811
0.892927
0.646291
0.618448
0.566367
0.626476
0.659275
0.604040
0.622794
0.582034
0.560978
0.584375
0.581607
