0.575226
0.819271
0.576431
0.475364
0.582454
0.550703
0.736646
0.513107
0.588287
0.635197
0.670817
0.677502
0.491827
0.674670
0.566442
0.575586
0.857181
0.616937
0.811622
0.754647
0.579652
0.576776
0.579494
0.574985
0.471923
0.622840
0.750855
0.645119
0.653473
0.573615
0.880603
0.622616
0.506360
0.592521
0.597948
0.545565
0.556682
0.504086
0.529803
0.603098
0.503316
0.783305
0.531646
0.583577
0.539485
0.634800
0.628905
0.540653
0.892927
0.646291
0.618448
0.566367
0.590493
0.549179
0.604040
0.582119
0.582034
0.560978
0.584375
0.581607
