0.012541
0.012592
0.012571
0.012568
0.012629
0.012626
0.012620
0.012634
0.012582
0.012572
0.012624
0.012646
0.012573
0.012599
0.012598
0.012588
0.012546
0.012643
0.012618
0.012536
0.012591
0.012589
0.012644
0.012536
0.012589
0.012567
0.012564
0.012626
0.012622
0.012620
0.012630
0.012579
0.012565
0.012620
0.012642
0.012571
0.012601
0.012594
0.012584
0.012543
0.012639
0.012614
0.012531
0.012583
0.012589
0.012643
0.012584
0.012634
0.012553
0.012594
0.012611
0.012587
0.012594
0.012562
0.012664
0.012575
0.012579
0.012621
0.012605
0.012566
