0.085925
0.082877
0.077786
0.066431
0.076613
0.062011
0.100751
0.067219
0.097165
0.050602
0.079845
0.069524
0.079251
0.100388
0.093957
0.098454
0.100453
0.059498
0.054942
0.096608
0.105763
0.073633
0.086884
0.099493
0.085696
0.082190
0.078977
0.064199
0.075199
0.058746
0.096937
0.065171
0.095381
0.050586
0.078372
0.068677
0.076752
0.098296
0.091903
0.095498
0.100241
0.057977
0.052708
0.093950
0.106018
0.071892
0.086238
0.098717
0.069572
0.073813
0.073441
0.048666
0.100607
0.095373
0.119168
0.095160
0.087750
0.081723
0.057191
0.074160
0.081513
