0.067085
0.057832
0.065940
0.063906
0.067131
0.068021
0.073732
0.070944
0.054542
0.076349
0.077325
0.072375
0.052768
0.072497
0.067545
0.056887
0.073792
0.067102
0.060762
0.060220
0.056463
0.063847
0.067559
0.070847
0.067085
0.067085
0.057832
0.065940
0.063906
0.067131
0.068021
0.073732
0.070944
0.054542
0.076349
0.077325
0.072375
0.052768
0.072497
0.067545
0.056887
0.073792
0.067102
0.060762
0.060220
0.056463
0.063847
0.067559
0.070847
0.064073
0.069130
0.064925
0.065014
0.071910
0.063193
0.066769
0.072563
0.069607
0.076689
0.068598
0.065824
0.056406
