0.003267
0.003677
0.003501
0.003274
0.003583
0.003316
0.003397
0.003099
0.003451
0.003408
0.003340
0.003955
0.003616
0.003644
0.003202
0.003227
0.003221
0.003044
0.003265
0.003612
0.003468
0.003389
0.003274
0.003437
0.003267
0.003267
0.003677
0.003501
0.003274
0.003583
0.003316
0.003397
0.003099
0.003451
0.003408
0.003340
0.003955
0.003616
0.003644
0.003202
0.003227
0.003221
0.003044
0.003265
0.003612
0.003468
0.003389
0.003274
0.003437
0.003614
0.003128
0.003256
0.003105
0.004306
0.003484
0.003539
0.003365
0.003351
0.004234
0.003085
0.003200
0.003401
