0.045943
0.045780
0.046037
0.047817
0.038706
0.041758
0.043174
0.043511
0.042950
0.046660
0.040705
0.046422
0.040116
0.051571
0.040366
0.039641
0.042445
0.045820
0.041520
0.044938
0.044292
0.040650
0.040158
0.037666
0.045943
0.045780
0.046037
0.047817
0.038706
0.041758
0.043174
0.043511
0.042950
0.046660
0.040705
0.046422
0.040116
0.051571
0.040366
0.039641
0.042445
0.045820
0.041520
0.044938
0.044292
0.040650
0.040158
0.037666
0.036348
0.048978
0.046879
0.043208
0.042257
0.036984
0.043593
0.040664
0.048635
0.038498
0.042459
0.040739
0.039095
