0.010206
0.012123
0.010413
0.008537
0.008787
0.012038
0.008269
0.010142
0.010934
0.006887
0.010804
0.010337
0.008392
0.005357
0.007220
0.008732
0.008696
0.009339
0.008256
0.010005
0.009602
0.008412
0.009496
0.009202
0.011618
0.011085
0.008370
0.008956
0.010003
0.009619
0.010311
0.011102
0.007055
0.010972
0.009320
0.008056
0.006528
0.007555
0.009572
0.008863
0.010358
0.008762
0.008838
0.009265
0.008244
0.010344
0.008719
0.011200
0.008672
0.010624
0.009949
0.005547
0.011438
0.008734
0.011755
0.009946
0.009420
0.008844
0.010099
0.010182
