1827.561890
1857.711304
1857.245850
2276.239014
1550.424438
1621.479858
1553.611816
2131.823730
1800.978760
1570.898438
1662.388794
1537.226440
1430.727905
1607.042114
1855.377075
1578.632690
1482.836304
2352.576660
1595.413452
2087.770996
2099.877930
1556.650269
1440.767822
1929.124878
1757.720215
1787.987305
2265.760010
1550.294067
1637.448853
1915.323120
2020.991211
1521.653809
1807.817383
1658.031006
1532.130371
1411.850952
1596.080933
1625.435547
1596.429443
1678.035889
1961.143677
1395.157471
1580.789673
1871.331299
1960.352295
1973.717529
1705.709839
1516.285767
1538.479126
1600.536865
1775.111938
2059.179932
1579.628418
1506.908325
1888.736084
1821.372192
1404.867310
1243.625610
1511.516113
1488.393555
