0.009276
0.010951
0.009430
0.007692
0.007909
0.010802
0.007471
0.009085
0.009835
0.006225
0.009755
0.009292
0.007600
0.004856
0.006499
0.007940
0.007880
0.008304
0.007419
0.009130
0.008649
0.007592
0.008512
0.008364
0.010494
0.010038
0.007541
0.008061
0.008976
0.008690
0.009237
0.009986
0.006377
0.009907
0.008378
0.007296
0.005918
0.006802
0.008704
0.008032
0.009210
0.007873
0.008065
0.008346
0.007440
0.009272
0.007935
0.010120
0.007885
0.009528
0.008920
0.005075
0.010383
0.007924
0.010436
0.009019
0.008598
0.007875
0.009098
0.009241
