1827.561890
1384.761597
1848.147705
2276.239014
1547.459839
1621.479858
1553.611816
1389.395508
1145.815918
1136.549316
1337.085083
1537.226440
1240.216553
1192.969238
1855.377075
1578.632690
959.268005
2127.227783
1382.290405
2087.770996
1908.139526
1556.650269
1160.010620
1836.895020
1501.635742
1707.442749
2265.760010
1509.853027
1637.448853
1467.904907
1391.248169
1172.735596
1326.994873
1386.739502
1532.130371
1228.533447
1200.579956
1029.710571
1596.429443
874.164429
1961.143677
1395.157471
1488.084229
1871.331299
1960.352295
1301.648926
1705.709839
1139.291382
1333.449219
1527.545410
1720.134399
1143.144043
1252.792725
1106.900635
1888.736084
1578.477661
1249.825684
1151.180298
1511.516113
1457.807983
