5977.000000
5939.000000
5954.000000
5974.000000
5918.000000
5898.000000
5926.000000
5916.000000
5945.000000
5953.000000
5924.000000
5901.000000
5958.000000
5974.000000
5956.000000
5955.000000
5980.000000
5889.000000
5935.000000
5997.000000
5936.000000
5944.000000
5897.000000
5964.000000
5977.000000
5939.000000
5954.000000
5974.000000
5918.000000
5898.000000
5926.000000
5916.000000
5945.000000
5953.000000
5924.000000
5901.000000
5958.000000
5974.000000
5956.000000
5955.000000
5980.000000
5889.000000
5935.000000
5997.000000
5936.000000
5944.000000
5897.000000
5964.000000
5893.000000
5996.000000
5930.000000
5930.000000
5949.000000
5945.000000
5954.000000
5870.000000
5932.000000
5945.000000
5880.000000
5941.000000
5991.000000
