0.363728
0.350732
0.377057
0.354034
0.365326
0.361139
0.374452
0.376437
0.373759
0.338653
0.364956
0.393662
0.378315
0.378139
0.348724
0.342233
0.346488
0.358295
0.357709
0.348841
0.353100
0.348755
0.363575
0.367706
0.364230
0.350732
0.377057
0.354034
0.365326
0.361139
0.374452
0.376437
0.373759
0.338653
0.364956
0.393662
0.378315
0.378139
0.348724
0.342233
0.346488
0.358295
0.357709
0.348841
0.353100
0.348755
0.363575
0.367706
0.368064
0.357238
0.354469
0.357841
0.333501
0.316064
0.351360
0.365077
0.345752
0.323297
0.349490
0.367615
0.351193
