0.000035
0.000032
0.000053
0.000012
0.000025
0.000010
0.000032
0.000029
0.000014
0.000013
0.000029
0.000032
0.000019
0.000035
0.000025
0.000032
0.000033
0.000018
0.000036
0.000013
0.000024
0.000050
0.000033
0.000034
0.000035
0.000032
0.000053
0.000012
0.000025
0.000010
0.000032
0.000029
0.000014
0.000013
0.000029
0.000032
0.000019
0.000035
0.000025
0.000032
0.000033
0.000018
0.000036
0.000013
0.000024
0.000050
0.000033
0.000034
0.000013
0.000028
0.000013
0.000044
0.000022
0.000017
0.000016
0.000039
0.000024
0.000011
0.000032
0.000014
0.000116
