6576.000000
6575.000000
6575.000000
6630.000000
6575.000000
6573.000000
6559.000000
6604.000000
6609.000000
6586.000000
6561.000000
6565.000000
6579.000000
6590.000000
6616.000000
6549.000000
6599.000000
6623.000000
6605.000000
6572.000000
6590.000000
6586.000000
6579.000000
6553.000000
6576.000000
6575.000000
6575.000000
6630.000000
6575.000000
6573.000000
6559.000000
6604.000000
6609.000000
6586.000000
6561.000000
6565.000000
6579.000000
6590.000000
6616.000000
6549.000000
6599.000000
6623.000000
6605.000000
6572.000000
6590.000000
6586.000000
6579.000000
6553.000000
6522.000000
6595.000000
6612.000000
6614.000000
6503.000000
6549.000000
6562.000000
6612.000000
6542.000000
6513.000000
6603.000000
6595.000000
6601.000000
