0.330596
0.316806
0.341445
0.319005
0.328821
0.324053
0.338314
0.337220
0.336208
0.306104
0.329523
0.353846
0.342605
0.342792
0.313936
0.311193
0.313987
0.318587
0.321423
0.318320
0.318058
0.314759
0.325885
0.334656
0.331052
0.316806
0.341445
0.319005
0.328821
0.324053
0.338314
0.337220
0.336208
0.306104
0.329523
0.353846
0.342605
0.342792
0.313936
0.311193
0.313987
0.318587
0.321423
0.318320
0.318058
0.314759
0.325885
0.334656
0.332567
0.324792
0.317907
0.320835
0.305090
0.286914
0.318805
0.324108
0.313513
0.295102
0.311222
0.331160
0.318740
