0.133668
0.112548
0.119848
0.133937
0.123650
0.127948
0.117548
0.127498
0.128159
0.117674
0.124066
0.112110
0.131327
0.120486
0.128930
0.114063
0.125019
0.133474
0.123089
0.117925
0.128376
0.130276
0.127223
0.132147
0.110266
0.118479
0.133333
0.126692
0.128100
0.119378
0.132344
0.130731
0.121014
0.124219
0.112871
0.131327
0.122003
0.130290
0.117117
0.123655
0.132870
0.121120
0.120207
0.127314
0.130428
0.121447
0.118724
0.113462
0.136012
0.125378
0.127759
0.099954
0.110704
0.120695
0.123866
0.132223
0.107477
0.119037
0.139500
0.122254
