0.391738
0.356993
0.372431
0.460474
0.346311
0.422752
0.432994
0.574017
0.412286
0.432526
0.418389
0.386074
0.392832
0.560719
0.429165
0.441672
0.502678
0.445959
0.472359
0.397892
0.487277
0.406295
0.370675
0.387464
0.356639
0.369565
0.417394
0.403185
0.392116
0.431971
0.574503
0.401617
0.433983
0.390431
0.387513
0.368778
0.559453
0.523479
0.422727
0.503274
0.445413
0.449515
0.401937
0.487694
0.382909
0.375633
0.389855
0.376980
0.383373
0.378232
0.398142
0.442553
0.446824
0.461344
0.349339
0.397426
0.385719
0.644242
0.478002
0.410740
