0.505899
0.461937
0.402451
0.552101
0.421325
0.483436
0.432994
0.574017
0.482807
0.445098
0.418389
0.479977
0.438923
0.560719
0.525737
0.441672
0.502678
0.445959
0.472359
0.397892
0.487277
0.406295
0.370675
0.508727
0.463695
0.406525
0.554147
0.455355
0.454385
0.431971
0.574503
0.444333
0.433983
0.448657
0.481834
0.442053
0.559453
0.523479
0.439836
0.503274
0.445413
0.449515
0.416761
0.487694
0.414573
0.375633
0.389855
0.517498
0.383373
0.417596
0.467290
0.442553
0.446824
0.461344
0.350920
0.470741
0.425159
0.644242
0.478002
0.502281
