0.147064
0.124600
0.132348
0.148644
0.137377
0.142591
0.130105
0.142326
0.142473
0.130186
0.137407
0.124725
0.145015
0.132909
0.143217
0.125441
0.137960
0.150110
0.136984
0.129231
0.142520
0.144347
0.141937
0.145391
0.122074
0.130836
0.147975
0.140757
0.142760
0.132130
0.147735
0.145332
0.133882
0.137576
0.125572
0.145015
0.134583
0.144728
0.128799
0.136455
0.149431
0.134794
0.131733
0.141341
0.144515
0.135493
0.130449
0.125573
0.149600
0.139798
0.142496
0.109262
0.121951
0.133020
0.139523
0.145819
0.117746
0.133673
0.154856
0.134702
