0.019859
0.027258
0.019465
0.027295
0.019087
0.031935
0.019788
0.027944
0.020074
0.033827
0.019382
0.029911
0.019382
0.026633
0.020107
0.031856
0.019912
0.033296
0.019975
0.031075
0.019874
0.029689
0.019446
0.031087
0.020272
0.032979
0.019664
0.033425
0.020599
0.025607
0.019617
0.030273
0.019500
0.032535
0.019812
0.026189
0.019072
0.029103
0.018969
0.031171
0.020189
0.031254
0.020231
0.032510
0.020264
0.030038
0.020507
0.026452
0.019739
0.033021
0.019032
0.033737
0.019101
0.030702
0.019416
0.032700
0.018743
0.026647
0.019740
0.035425
0.019299
0.033156
0.020279
0.030285
0.019631
0.031887
0.019484
0.031275
0.019441
0.029826
0.019804
0.032571
0.019282
0.029266
0.019180
0.029996
0.019524
0.032966
0.018664
0.034434
0.019621
0.029121
0.019574
0.029808
0.018971
0.031617
0.019560
0.024704
0.019596
0.030518
0.019789
0.026169
0.019219
0.028454
0.020259
0.031347
0.019317
0.032952
0.019836
0.031261
0.019853
0.028920
0.018855
0.032500
0.019999
0.032408
0.019213
0.032505
0.020174
0.031139
0.019202
0.031445
0.018794
0.031980
0.018956
0.031695
0.019448
0.035652
0.019829
0.033205
0.019859
0.027258
0.019465
0.027295
0.019087
0.031935
0.019788
0.027944
0.020074
0.033827
0.019382
0.029911
0.019382
0.026633
0.020107
0.031856
0.019912
0.033296
0.019975
0.031075
0.019874
0.029689
0.019446
0.031087
0.020272
0.032979
0.019664
0.033425
0.020599
0.025607
0.019617
0.030273
0.019500
0.032535
0.019812
0.026189
0.019072
0.029103
0.018969
0.031171
0.020189
0.031254
0.020231
0.032510
0.020264
0.030038
0.020507
0.026452
0.019739
0.033021
0.019032
0.033737
0.019101
0.030702
0.019416
0.032700
0.018743
0.026647
0.019740
0.035425
0.019299
0.033156
0.020279
0.030285
0.019631
0.031887
0.019484
0.031275
0.019441
0.029826
0.019804
0.032571
0.019282
0.029266
0.019180
0.029996
0.019524
0.032966
0.018664
0.034434
0.019621
0.029121
0.019574
0.029808
0.018971
0.031617
0.019560
0.024704
0.019596
0.030518
0.019789
0.026169
0.019219
0.028454
0.020259
0.031347
0.019317
0.032952
0.019836
0.031261
0.019853
0.028920
0.018855
0.032500
0.019999
0.032408
0.019213
0.032505
0.020174
0.031139
0.019202
0.031445
0.018794
0.031980
0.018956
0.031695
0.019448
0.035652
0.019829
