0.013832
0.046714
0.014625
0.047647
0.013917
0.045941
0.013673
0.050944
0.014305
0.049344
0.014006
0.048758
0.013927
0.044322
0.014592
0.049384
0.014502
0.047859
0.012918
0.047312
0.014029
0.045530
0.014878
0.048745
0.013533
0.050066
0.014831
0.033585
0.011103
0.046242
0.013981
0.048833
0.013832
0.042031
0.014029
0.049196
0.013619
0.042955
0.013832
0.045308
0.014437
0.041693
0.014819
0.046093
0.014592
0.050320
0.011344
0.050741
0.014333
0.048107
0.008724
0.051440
0.012806
0.042329
0.012993
0.045266
0.009705
0.052905
0.013974
0.042441
0.012842
0.048248
0.014780
0.050354
0.014530
0.049235
0.013238
0.044355
0.009990
0.042652
0.010435
0.044193
0.009428
0.044606
0.011322
0.046839
0.010303
0.049894
0.011956
0.046375
0.012628
0.046572
0.014029
0.052090
0.010303
0.045856
0.011932
0.047134
0.012056
0.048292
0.013476
0.046814
0.013485
0.050671
0.013390
0.048354
0.010688
0.046725
0.013624
0.052680
0.009976
0.050034
0.012031
0.047613
0.011564
0.046800
0.011934
0.048870
0.012651
0.047302
0.012038
0.050847
0.012814
0.048754
0.012925
0.050447
0.011419
0.048043
0.014774
0.043071
0.013832
0.046714
0.014625
0.047647
0.013917
0.045941
0.013673
0.050944
0.014305
0.049344
0.014006
0.048758
0.013927
0.044322
0.014592
0.049384
0.014502
0.047859
0.012918
0.047312
0.014029
0.045530
0.014878
0.048745
0.013533
0.050066
0.014831
0.033585
0.011103
0.046242
0.013981
0.048833
0.013832
0.042031
0.014029
0.049196
0.013619
0.042955
0.013832
0.045308
0.014437
0.041693
0.014819
0.046093
0.014592
0.050320
0.011344
0.050741
0.014333
0.048107
0.008724
0.051440
0.012806
0.042329
0.012993
0.045266
0.009705
0.052905
0.013974
0.042441
0.012842
0.048248
0.014780
0.050354
0.014530
0.049235
0.013238
0.044355
0.009990
0.042652
0.010435
0.044193
0.009428
0.044606
0.011322
0.046839
0.010303
0.049894
0.011956
0.046375
0.012628
0.046572
0.014029
0.052090
0.010303
0.045856
0.011932
0.047134
0.012056
0.048292
0.013476
0.046814
0.013485
0.050671
0.013390
0.048354
0.010688
0.046725
0.013624
0.052680
0.009976
0.050034
0.012031
0.047613
0.011564
0.046800
0.011934
0.048870
0.012651
0.047302
0.012038
0.050847
0.012814
0.048754
0.012925
0.050447
0.011419
0.048043
0.014774
