0.003339
0.003150
0.003553
0.002804
0.003278
0.003010
0.003785
0.003116
0.003883
0.002955
0.003459
0.003028
0.003548
0.002718
0.004003
0.002984
0.003837
0.002935
0.003563
0.002645
0.003794
0.002823
0.003664
0.002740
0.003603
0.002722
0.003919
0.004363
0.005404
0.002890
0.004081
0.003080
0.003639
0.002701
0.003560
0.002878
0.003450
0.002794
0.003589
0.003229
0.004661
0.002612
0.004635
0.002878
0.004461
0.003201
0.005696
0.003183
0.004096
0.003223
0.004012
0.003104
0.004132
0.002822
0.003234
0.002460
0.003099
0.002891
0.004505
0.003041
0.004049
0.003209
0.004333
0.003150
0.003909
0.002971
0.003825
0.002784
0.004307
0.002917
0.004975
0.002722
0.004140
0.002878
0.004004
0.003123
0.003879
0.003039
0.003464
0.002657
0.004034
0.002863
0.003972
0.002697
0.003771
0.003043
0.003713
0.002815
0.004281
0.002826
0.004712
0.002832
0.004347
0.002954
0.004431
0.002564
0.004425
0.002804
0.004605
0.003182
0.004183
0.002759
0.004051
0.002658
0.004409
0.002376
0.003630
0.003014
0.004258
0.002900
0.004076
0.002907
0.003273
0.002830
0.003938
0.002674
0.004025
0.003151
0.003967
0.002647
0.003339
0.003150
0.003553
0.002804
0.003278
0.003010
0.003785
0.003116
0.003883
0.002955
0.003459
0.003028
0.003548
0.002718
0.004003
0.002984
0.003837
0.002935
0.003563
0.002645
0.003794
0.002823
0.003664
0.002740
0.003603
0.002722
0.003919
0.004363
0.005404
0.002890
0.004081
0.003080
0.003639
0.002701
0.003560
0.002878
0.003450
0.002794
0.003589
0.003229
0.004661
0.002612
0.004635
0.002878
0.004461
0.003201
0.005696
0.003183
0.004096
0.003223
0.004012
0.003104
0.004132
0.002822
0.003234
0.002460
0.003099
0.002891
0.004505
0.003041
0.004049
0.003209
0.004333
0.003150
0.003909
0.002971
0.003825
0.002784
0.004307
0.002917
0.004975
0.002722
0.004140
0.002878
0.004004
0.003123
0.003879
0.003039
0.003464
0.002657
0.004034
0.002863
0.003972
0.002697
0.003771
0.003043
0.003713
0.002815
0.004281
0.002826
0.004712
0.002832
0.004347
0.002954
0.004431
0.002564
0.004425
0.002804
0.004605
0.003182
0.004183
0.002759
0.004051
0.002658
0.004409
0.002376
0.003630
0.003014
0.004258
0.002900
0.004076
0.002907
0.003273
0.002830
0.003938
0.002674
0.004025
0.003151
0.003967
