0.002274
0.002352
0.002400
4259084.000000
0.002288
0.002211
0.002748
0.002205
0.002677
0.002124
0.002458
0.002499
0.001799
0.002938
0.002079
0.002837
0.002476
0.001788
0.002810
0.001947
0.002633
241154.484375
0.002388
0.002656
0.004705
749335.562500
0.003079
0.002100
0.002541
3013159.500000
0.002627
0.002413
0.001856
0.002631
0.002337
0.003437
0.001625
0.003625
0.001751
0.003192
174.183334
0.004535
0.002334
0.002853
0.002288
0.003160
0.002118
0.003074
0.001994
0.002332
0.001531
0.002330
0.002015
0.003295
547.881531
0.002909
0.002104
0.003169
16591.078125
0.002851
0.002033
0.002722
32268.238281
0.003273
0.002078
0.003699
0.001815
0.003126
0.001906
0.002973
0.002777
0.001978
0.002399
0.001752
0.002857
0.001872
0.002857
0.010536
0.002635
0.002300
0.002674
0.002008
0.003375
0.003486
0.001922
0.003081
0.003230
0.003279
0.001817
0.003415
0.003586
0.003212
465.375366
0.002982
11809.027344
0.003199
163.970306
0.002621
277.987061
0.003113
0.002009
0.002928
0.001978
0.002330
0.002173
0.002904
0.001717
0.003166
0.002244
0.003043
0.001607
0.002274
0.002314
0.002400
0.002288
0.002211
0.002748
0.002182
0.002677
0.002106
0.002458
0.002095
0.002499
0.001818
0.002938
0.002060
0.002837
0.002011
0.002476
0.001788
0.002810
0.001926
0.002633
0.001842
0.002388
0.002656
0.002891
0.004705
0.002083
0.003079
0.002541
0.002627
0.002066
0.002413
0.001856
0.002631
0.002319
0.003437
0.001616
0.003625
0.003192
0.002100
0.004535
0.002298
0.002853
0.002288
0.003160
0.003074
0.001986
0.002332
0.002330
0.002016
0.003295
0.002194
0.002909
0.002104
0.003169
0.002851
0.002052
0.002722
0.001935
0.003273
0.001947
0.003699
0.001815
0.003126
0.001906
0.002973
0.002178
0.002777
0.001978
0.002399
0.001752
0.002857
0.001891
0.002857
0.002635
0.002300
0.002674
0.003375
0.001943
0.003486
0.001904
0.003081
0.002050
0.003279
0.001805
0.003415
0.001803
0.003586
0.002189
0.003212
0.001847
0.002982
0.001765
0.003199
0.001427
0.002621
0.003113
0.001992
0.002928
0.002330
0.017906
0.002904
0.001717
0.003166
0.002141
0.003043
