0.017902
0.220892
0.013282
0.196273
0.010791
0.213916
0.005965
0.226722
0.031457
0.223971
0.014624
0.219109
0.021766
0.230668
0.049885
0.180193
0.011519
0.210322
0.007135
0.220957
0.025037
0.199210
0.030172
0.190067
0.032840
0.206555
0.014929
0.224270
0.419519
0.206951
0.008602
0.205171
0.014619
0.232295
0.008076
0.214541
0.008493
0.214601
0.021034
0.198829
0.025208
0.213656
0.011972
0.205180
0.038187
0.169888
0.092304
0.244659
0.018761
0.233205
0.022692
0.219664
0.006017
0.220041
0.017031
0.198501
0.009042
0.191787
0.013942
0.229025
0.007652
0.220725
0.032165
0.227904
0.009087
0.236242
0.006812
0.209502
0.031221
0.221436
0.066683
0.209870
0.014384
0.225970
0.055011
0.213463
0.034040
0.176197
0.021715
0.228153
0.030829
0.223012
0.040489
0.214652
0.041266
0.227852
0.028094
0.209131
0.013281
0.190358
0.015710
0.207003
0.009034
0.221331
0.015814
0.233150
0.026731
0.215746
0.009135
0.233965
0.014415
0.222153
0.069696
0.234362
0.009718
0.190030
0.019996
0.212381
0.048575
0.203015
0.013642
0.216350
0.014345
0.222721
0.020168
0.223986
0.041543
0.189694
0.034826
0.209522
0.017943
0.220750
0.013282
0.196191
0.010653
0.213760
0.005967
0.227089
0.031606
0.224124
0.014741
0.219126
0.021766
0.230575
0.049875
0.180417
0.011745
0.210328
0.007135
0.221208
0.024677
0.198938
0.029985
0.189986
0.032839
0.206801
0.014669
0.223874
0.419405
0.206998
0.008595
0.205328
0.014809
0.232512
0.007999
0.214653
0.008272
0.214625
0.020766
0.198754
0.025127
0.213689
0.011972
0.204979
0.038563
0.169779
0.092490
0.244370
0.018604
0.233065
0.022838
0.219875
0.006033
0.219910
0.016704
0.198530
0.009042
0.192257
0.014186
0.228802
0.007593
0.220685
0.032150
0.227796
0.009163
0.236009
0.006957
0.209352
0.031130
0.221805
0.066819
0.209922
0.014741
0.225935
0.054851
0.213461
0.034040
0.176281
0.021758
0.227822
0.030829
0.221994
0.040659
0.214627
0.041428
0.227798
0.028179
0.209612
0.012950
0.190307
0.015696
0.207188
0.009123
0.221706
0.015725
0.233468
0.026855
0.216063
0.009175
0.233836
0.014367
0.222042
0.069639
0.234587
0.009666
0.190130
0.019894
0.212487
0.048745
0.203059
0.013506
0.216351
0.014395
0.222721
0.020168
0.224299
0.041426
0.189839
0.034971
