0.275000
0.248321
0.230000
0.248667
0.205000
0.346768
0.222500
0.258126
0.190000
0.310259
0.200000
0.321780
0.190000
0.272053
0.212500
0.259337
0.217500
0.290042
0.205000
0.241042
0.215000
0.306270
0.232500
0.289308
0.240000
0.298323
0.207500
0.250095
0.207500
0.273612
0.225000
0.262736
0.162500
0.251288
0.227500
0.249287
0.215000
0.241942
0.225000
0.301139
0.142500
0.316377
0.112500
0.302816
0.180000
0.280054
0.200000
0.303442
0.200000
0.259740
0.217500
0.268279
0.197500
0.315493
0.190000
0.256551
0.172500
0.234369
0.192500
0.276353
0.105000
0.284423
0.162500
0.285201
0.270000
0.264392
0.180000
0.391337
0.185000
0.392966
0.200000
0.311594
0.215000
0.341541
0.172500
0.385864
0.232500
0.289364
0.215000
0.267022
0.210000
0.309596
0.175000
0.321090
0.240000
0.254128
0.202500
0.262726
0.197500
0.319218
0.162500
0.412379
0.157500
0.369041
0.195000
0.260573
0.192500
0.303071
0.200000
0.278924
0.225000
0.314538
0.187500
0.325639
0.170000
0.304298
0.160000
0.293791
0.152500
0.239139
0.167500
0.403324
0.175000
0.336041
0.142500
0.340442
0.187500
0.304022
0.187500
0.303330
0.275000
0.248321
0.230000
0.248667
0.205000
0.346768
0.222500
0.258126
0.190000
0.310259
0.200000
0.321780
0.190000
0.272053
0.212500
0.259337
0.217500
0.290042
0.205000
0.241042
0.215000
0.306270
0.232500
0.289308
0.240000
0.298323
0.207500
0.250095
0.207500
0.273612
0.225000
0.262736
0.162500
0.251288
0.227500
0.249287
0.215000
0.241942
0.225000
0.301139
0.142500
0.316377
0.112500
0.302816
0.180000
0.280054
0.200000
0.303442
0.200000
0.259740
0.217500
0.268279
0.197500
0.315493
0.190000
0.256551
0.172500
0.234369
0.192500
0.276353
0.105000
0.284423
0.162500
0.285201
0.270000
0.264392
0.180000
0.391337
0.185000
0.392966
0.200000
0.311594
0.215000
0.341541
0.172500
0.385864
0.232500
0.289364
0.215000
0.267022
0.210000
0.309596
0.175000
0.321090
0.240000
0.254128
0.202500
0.262726
0.197500
0.319218
0.162500
0.412379
0.157500
0.369041
0.195000
0.260573
0.192500
0.303071
0.200000
0.278924
0.225000
0.314538
0.187500
0.325639
0.170000
0.304298
0.160000
0.293791
0.152500
0.239139
0.167500
0.403324
0.175000
0.336041
0.142500
0.340442
0.187500
0.304022
0.187500
