400.000000
5211.000000
400.000000
5252.000000
400.000000
5260.000000
400.000000
5261.000000
400.000000
5244.000000
400.000000
5280.000000
400.000000
5260.000000
400.000000
5248.000000
400.000000
5282.000000
400.000000
5219.000000
400.000000
5247.000000
400.000000
5247.000000
400.000000
5246.000000
400.000000
5246.000000
400.000000
5241.000000
400.000000
5241.000000
400.000000
5241.000000
400.000000
5259.000000
400.000000
5274.000000
400.000000
5270.000000
400.000000
5288.000000
400.000000
5221.000000
400.000000
5149.000000
400.000000
5230.000000
400.000000
5236.000000
400.000000
5252.000000
400.000000
5325.000000
400.000000
5266.000000
400.000000
5278.000000
400.000000
5265.000000
400.000000
5200.000000
400.000000
5284.000000
400.000000
5246.000000
400.000000
5310.000000
400.000000
5260.000000
400.000000
5244.000000
400.000000
5320.000000
400.000000
5235.000000
400.000000
5284.000000
400.000000
5258.000000
400.000000
5252.000000
400.000000
5282.000000
400.000000
5269.000000
400.000000
5245.000000
400.000000
5266.000000
400.000000
5267.000000
400.000000
5181.000000
400.000000
5273.000000
400.000000
5243.000000
400.000000
5281.000000
400.000000
5214.000000
400.000000
5242.000000
400.000000
5235.000000
400.000000
5218.000000
400.000000
5248.000000
400.000000
5234.000000
400.000000
5294.000000
400.000000
5252.000000
400.000000
5197.000000
400.000000
5255.000000
400.000000
5211.000000
400.000000
5252.000000
400.000000
5260.000000
400.000000
5261.000000
400.000000
5244.000000
400.000000
5280.000000
400.000000
5260.000000
400.000000
5248.000000
400.000000
5282.000000
400.000000
5219.000000
400.000000
5247.000000
400.000000
5247.000000
400.000000
5246.000000
400.000000
5246.000000
400.000000
5241.000000
400.000000
5241.000000
400.000000
5241.000000
400.000000
5259.000000
400.000000
5274.000000
400.000000
5270.000000
400.000000
5288.000000
400.000000
5221.000000
400.000000
5149.000000
400.000000
5230.000000
400.000000
5236.000000
400.000000
5252.000000
400.000000
5325.000000
400.000000
5266.000000
400.000000
5278.000000
400.000000
5265.000000
400.000000
5200.000000
400.000000
5284.000000
400.000000
5246.000000
400.000000
5310.000000
400.000000
5260.000000
400.000000
5244.000000
400.000000
5320.000000
400.000000
5235.000000
400.000000
5284.000000
400.000000
5258.000000
400.000000
5252.000000
400.000000
5282.000000
400.000000
5269.000000
400.000000
5245.000000
400.000000
5266.000000
400.000000
5267.000000
400.000000
5181.000000
400.000000
5273.000000
400.000000
5243.000000
400.000000
5281.000000
400.000000
5214.000000
400.000000
5242.000000
400.000000
5235.000000
400.000000
5218.000000
400.000000
5248.000000
400.000000
5234.000000
400.000000
5294.000000
400.000000
5252.000000
400.000000
5197.000000
400.000000
