0.275000
0.230085
0.230000
0.233423
0.205000
0.323061
0.222500
0.241637
0.190000
0.290432
0.200000
0.301562
0.190000
0.253409
0.212500
0.242171
0.217500
0.272259
0.205000
0.223724
0.215000
0.285384
0.232500
0.271168
0.240000
0.278074
0.207500
0.221622
0.207500
0.254752
0.225000
0.244974
0.162500
0.233801
0.227500
0.233482
0.215000
0.226643
0.225000
0.280835
0.142500
0.296684
0.112500
0.280468
0.180000
0.254996
0.200000
0.282284
0.200000
0.242770
0.217500
0.250667
0.197500
0.299092
0.190000
0.238946
0.172500
0.219833
0.192500
0.258345
0.105000
0.261677
0.162500
0.268580
0.270000
0.246841
0.180000
0.368440
0.185000
0.366880
0.200000
0.289973
0.215000
0.323713
0.172500
0.358856
0.232500
0.272452
0.215000
0.249822
0.210000
0.289272
0.175000
0.301833
0.240000
0.237749
0.202500
0.245239
0.197500
0.297786
0.162500
0.385380
0.157500
0.339549
0.195000
0.244093
0.192500
0.281488
0.200000
0.261495
0.225000
0.290574
0.187500
0.302606
0.170000
0.281747
0.160000
0.272582
0.152500
0.223071
0.167500
0.376695
0.175000
0.316098
0.142500
0.317641
0.187500
0.280590
0.187500
0.282775
0.275000
0.230085
0.230000
0.233423
0.205000
0.323061
0.222500
0.241637
0.190000
0.290432
0.200000
0.301562
0.190000
0.253409
0.212500
0.242171
0.217500
0.272259
0.205000
0.223724
0.215000
0.285384
0.232500
0.271168
0.240000
0.278074
0.207500
0.221622
0.207500
0.254752
0.225000
0.244974
0.162500
0.233801
0.227500
0.233482
0.215000
0.226643
0.225000
0.280835
0.142500
0.296684
0.112500
0.280468
0.180000
0.254996
0.200000
0.282284
0.200000
0.242770
0.217500
0.250667
0.197500
0.299092
0.190000
0.238946
0.172500
0.219833
0.192500
0.258345
0.105000
0.261677
0.162500
0.268580
0.270000
0.246841
0.180000
0.368440
0.185000
0.366880
0.200000
0.289973
0.215000
0.323713
0.172500
0.358856
0.232500
0.272452
0.215000
0.249822
0.210000
0.289272
0.175000
0.301833
0.240000
0.237749
0.202500
0.245239
0.197500
0.297786
0.162500
0.385380
0.157500
0.339549
0.195000
0.244093
0.192500
0.281488
0.200000
0.261495
0.225000
0.290574
0.187500
0.302606
0.170000
0.281747
0.160000
0.272582
0.152500
0.223071
0.167500
0.376695
0.175000
0.316098
0.142500
0.317641
0.187500
0.280590
0.187500
