400.000000
5624.000000
400.000000
5595.000000
400.000000
5646.000000
400.000000
5620.000000
400.000000
5602.000000
400.000000
5634.000000
400.000000
5647.000000
400.000000
5620.000000
400.000000
5627.000000
400.000000
5623.000000
400.000000
5631.000000
400.000000
5598.000000
400.000000
5628.000000
400.000000
5920.000000
400.000000
5629.000000
400.000000
5621.000000
400.000000
5633.000000
400.000000
5615.000000
400.000000
5630.000000
400.000000
5651.000000
400.000000
5639.000000
400.000000
5637.000000
400.000000
5655.000000
400.000000
5622.000000
400.000000
5602.000000
400.000000
5621.000000
400.000000
5617.000000
400.000000
5654.000000
400.000000
5627.000000
400.000000
5632.000000
400.000000
5652.000000
400.000000
5611.000000
400.000000
5619.000000
400.000000
5640.000000
400.000000
5634.000000
400.000000
5635.000000
400.000000
5613.000000
400.000000
5629.000000
400.000000
5612.000000
400.000000
5620.000000
400.000000
5621.000000
400.000000
5619.000000
400.000000
5632.000000
400.000000
5619.000000
400.000000
5645.000000
400.000000
5636.000000
400.000000
5631.000000
400.000000
5629.000000
400.000000
5645.000000
400.000000
5633.000000
400.000000
5644.000000
400.000000
5641.000000
400.000000
5654.000000
400.000000
5624.000000
400.000000
5626.000000
400.000000
5604.000000
400.000000
5628.000000
400.000000
5629.000000
400.000000
5631.000000
400.000000
5637.000000
400.000000
5624.000000
400.000000
5595.000000
400.000000
5646.000000
400.000000
5620.000000
400.000000
5602.000000
400.000000
5634.000000
400.000000
5647.000000
400.000000
5620.000000
400.000000
5627.000000
400.000000
5623.000000
400.000000
5631.000000
400.000000
5598.000000
400.000000
5628.000000
400.000000
5920.000000
400.000000
5629.000000
400.000000
5621.000000
400.000000
5633.000000
400.000000
5615.000000
400.000000
5630.000000
400.000000
5651.000000
400.000000
5639.000000
400.000000
5637.000000
400.000000
5655.000000
400.000000
5622.000000
400.000000
5602.000000
400.000000
5621.000000
400.000000
5617.000000
400.000000
5654.000000
400.000000
5627.000000
400.000000
5632.000000
400.000000
5652.000000
400.000000
5611.000000
400.000000
5619.000000
400.000000
5640.000000
400.000000
5634.000000
400.000000
5635.000000
400.000000
5613.000000
400.000000
5629.000000
400.000000
5612.000000
400.000000
5620.000000
400.000000
5621.000000
400.000000
5619.000000
400.000000
5632.000000
400.000000
5619.000000
400.000000
5645.000000
400.000000
5636.000000
400.000000
5631.000000
400.000000
5629.000000
400.000000
5645.000000
400.000000
5633.000000
400.000000
5644.000000
400.000000
5641.000000
400.000000
5654.000000
400.000000
5624.000000
400.000000
5626.000000
400.000000
5604.000000
400.000000
5628.000000
400.000000
5629.000000
400.000000
5631.000000
400.000000
