0.114245
0.075000
0.116643
0.067500
0.119392
0.080000
0.113355
0.085000
0.110854
0.085000
0.112817
0.072500
0.114661
0.072500
0.120418
0.082500
0.121708
0.082500
0.119957
0.072500
0.116130
0.067500
0.116143
0.077500
0.115398
0.092500
0.117271
0.070000
0.107432
0.037500
0.111920
0.075000
0.113859
0.085000
0.112551
0.085000
0.116830
0.085000
0.118295
0.075000
0.121571
0.072500
0.114914
0.087500
0.111762
0.080000
0.108046
0.080000
0.111348
0.087500
0.115851
0.065000
0.111902
0.082500
0.117322
0.100000
0.099399
0.105000
0.114626
0.082500
0.118963
0.077500
0.117481
0.072500
0.115844
0.087500
0.113365
0.087500
0.112234
0.092500
0.114483
0.085000
0.117303
0.075000
0.109211
0.072500
0.116895
0.082500
0.109765
0.102500
0.113167
0.090000
0.113325
0.082500
0.114967
0.070000
0.108310
0.080000
0.115857
0.080000
0.111603
0.070000
0.119411
0.075000
0.113479
0.085000
0.118138
0.077500
0.121701
0.085000
0.113616
0.082500
0.113218
0.097500
0.107782
0.082500
0.110011
0.075000
0.115043
0.052500
0.114469
0.082500
0.122591
0.092500
0.111585
0.090000
0.113875
0.085000
0.118451
0.065000
0.113003
0.072500
0.116465
0.067500
0.120465
0.085000
0.115657
0.090000
0.111922
0.080000
0.114245
0.070000
0.114838
0.072500
0.120772
0.087500
0.121352
0.082500
0.119780
0.072500
0.116486
0.065000
0.114722
0.085000
0.114148
0.095000
0.118692
0.077500
0.109459
0.032500
0.114052
0.077500
0.112791
0.087500
0.112018
0.090000
0.117720
0.085000
0.116163
0.080000
0.120333
0.072500
0.114914
0.087500
0.109101
0.085000
0.109637
0.075000
0.111526
0.087500
0.115851
0.072500
0.112080
0.085000
0.116254
0.095000
0.099222
0.105000
0.115159
0.077500
0.116477
0.085000
0.118011
0.075000
0.117270
0.077500
0.113009
0.092500
0.112057
0.100000
0.115371
0.080000
0.115883
0.070000
0.105469
0.065000
0.116717
0.082500
0.108696
0.100000
0.113701
0.090000
0.112969
0.085000
0.112120
0.062500
0.107067
0.072500
0.114611
0.075000
0.111780
0.070000
0.118346
0.062500
0.114189
0.085000
0.120092
0.085000
0.121169
0.080000
0.115391
0.090000
0.114458
0.097500
0.107782
0.090000
0.108419
0.075000
0.115043
0.060000
0.114469
0.072500
0.126517
0.087500
0.111585
0.090000
0.114585
0.090000
0.118807
0.072500
