0.357775
0.850145
0.371127
0.907919
0.329323
0.697908
0.339083
0.648009
0.372193
0.876524
0.390666
0.674937
0.399040
0.921970
0.368889
0.759651
0.373553
0.870711
0.360777
0.946630
0.362870
0.732115
0.358075
0.685117
0.345711
0.679399
0.351408
0.838102
0.371219
0.945943
0.329298
0.768764
0.343954
0.595018
0.343934
0.711673
0.342755
0.585020
0.373976
0.636304
0.341930
0.673416
0.362871
0.595184
0.378429
0.662408
0.345543
0.716122
0.345364
0.925663
0.388699
0.649455
0.375146
0.631930
0.354997
0.685688
0.367090
0.685654
0.395234
0.736540
0.364321
0.569618
0.375970
0.758040
0.380839
0.661846
0.382913
0.733875
0.349974
0.721592
0.355056
0.591029
0.430086
0.606037
0.341745
0.632770
0.309738
0.608367
0.360261
0.766934
0.390013
0.645755
0.384176
0.706863
0.358675
0.561529
0.374231
0.581621
0.389330
0.535262
0.353844
0.838981
0.341506
0.695742
0.405875
0.634818
0.392256
0.584632
0.356510
0.604158
0.384173
0.550901
0.369222
0.681384
0.411352
0.748074
0.370627
0.628875
0.364495
0.653962
0.370130
0.670879
0.376527
0.578088
0.381773
0.625065
0.344191
0.634171
0.395925
0.670118
0.357350
0.851190
0.371068
0.907919
0.322238
0.704750
0.339869
0.667237
0.376547
0.786902
0.388054
0.675281
0.399045
0.921970
0.367691
0.758952
0.388501
0.863403
0.360781
0.946630
0.367307
0.624338
0.349556
0.702492
0.344980
0.682176
0.329590
0.833082
0.371711
0.795790
0.325996
0.772038
0.353286
0.607874
0.343258
0.718057
0.341525
0.589070
0.375051
0.636888
0.375204
0.672786
0.362871
0.595184
0.379642
0.655217
0.341343
0.706580
0.345271
0.925374
0.394757
0.648370
0.373821
0.630523
0.355098
0.692603
0.367091
0.685654
0.370340
0.739483
0.382974
0.565212
0.353685
0.764511
0.383903
0.659819
0.382057
0.729630
0.349294
0.721493
0.354918
0.586605
0.430344
0.567006
0.342910
0.634322
0.309740
0.608367
0.359155
0.766653
0.389972
0.645755
0.385121
0.705478
0.358607
0.547395
0.373608
0.581163
0.370639
0.529855
0.354644
0.838064
0.340134
0.684133
0.406240
0.636825
0.391340
0.571903
0.355289
0.607557
0.384408
0.544682
0.366619
0.679334
0.411332
0.734909
0.370741
0.625559
0.361604
0.656140
0.370654
0.677854
0.377050
0.573837
0.381773
0.625065
0.331978
0.634370
0.398137
0.676178
