0.122550
0.075000
0.125888
0.067500
0.127190
0.080000
0.121673
0.085000
0.118419
0.085000
0.120519
0.072500
0.122348
0.072500
0.129278
0.082500
0.130335
0.082500
0.127793
0.072500
0.125120
0.067500
0.124643
0.077500
0.123118
0.092500
0.125810
0.070000
0.121235
0.037500
0.120206
0.075000
0.122114
0.085000
0.120969
0.085000
0.124739
0.085000
0.126280
0.075000
0.130361
0.072500
0.122542
0.087500
0.120667
0.080000
0.118664
0.080000
0.119694
0.087500
0.123950
0.065000
0.119764
0.082500
0.123756
0.100000
0.106722
0.105000
0.122205
0.082500
0.127255
0.077500
0.127692
0.072500
0.123013
0.087500
0.121426
0.087500
0.119209
0.092500
0.122624
0.085000
0.126049
0.075000
0.115226
0.072500
0.125692
0.082500
0.116578
0.102500
0.120959
0.090000
0.121287
0.082500
0.122302
0.070000
0.115771
0.080000
0.124118
0.080000
0.119635
0.070000
0.127777
0.075000
0.123335
0.085000
0.126114
0.077500
0.131032
0.085000
0.121189
0.082500
0.122555
0.097500
0.115986
0.082500
0.118816
0.075000
0.123994
0.052500
0.122713
0.082500
0.131257
0.092500
0.118625
0.090000
0.122049
0.085000
0.128343
0.065000
0.121218
0.072500
0.125696
0.067500
0.128332
0.085000
0.124144
0.090000
0.119559
0.080000
0.122044
0.070000
0.122538
0.072500
0.129658
0.087500
0.129954
0.082500
0.127603
0.072500
0.125503
0.065000
0.123118
0.085000
0.121784
0.095000
0.127335
0.077500
0.123523
0.032500
0.122496
0.077500
0.120969
0.087500
0.120397
0.090000
0.125689
0.085000
0.124005
0.080000
0.129032
0.072500
0.122542
0.087500
0.117794
0.085000
0.120412
0.075000
0.119885
0.087500
0.123950
0.072500
0.119954
0.085000
0.122629
0.095000
0.106532
0.105000
0.122774
0.077500
0.124596
0.085000
0.128269
0.075000
0.124527
0.077500
0.121045
0.092500
0.119021
0.100000
0.123574
0.080000
0.124523
0.070000
0.111278
0.065000
0.125501
0.082500
0.115443
0.100000
0.121529
0.090000
0.120906
0.085000
0.119273
0.062500
0.114443
0.072500
0.122784
0.075000
0.119825
0.070000
0.126638
0.062500
0.124107
0.085000
0.128200
0.085000
0.130460
0.080000
0.123083
0.090000
0.123897
0.097500
0.115986
0.090000
0.117096
0.075000
0.123994
0.060000
0.122713
0.072500
0.135460
0.087500
0.118625
0.090000
0.122810
0.090000
0.128728
0.072500
