0.897706
0.838742
0.880604
0.830698
0.866142
0.821634
0.853998
0.840759
0.908856
0.749469
0.854777
0.797713
0.882174
0.946000
0.923257
0.815353
0.910784
0.810889
0.789865
0.850633
0.950486
0.843864
0.864610
0.877346
0.769540
0.873430
0.835649
0.758748
0.808933
0.817389
1.000000
0.900577
0.883893
0.795051
0.793436
0.847448
0.840626
0.812336
0.915662
0.886375
0.859007
0.853514
0.870565
0.787576
0.796197
0.900270
0.919085
0.850886
0.901786
0.824119
0.862622
0.881658
0.871474
0.871882
0.868837
0.857633
0.870125
0.949024
0.885394
0.828004
