0.852320
0.922528
0.789505
0.796428
0.592513
0.639561
0.531066
0.948252
0.766003
0.874840
0.611187
0.747842
0.677976
0.944748
0.677378
0.772541
0.590847
0.747457
0.554910
0.740364
0.785061
0.665627
0.671609
0.432057
0.161183
1.000000
0.864328
0.758482
0.000000
0.556918
0.700709
0.713101
0.871849
0.102940
0.527006
0.669174
0.523545
0.677720
0.345184
0.610290
0.586275
0.236476
0.990813
0.630844
0.555294
0.845740
0.423639
0.577087
0.935604
0.885565
0.828818
0.585634
0.821468
0.521921
0.658533
0.660456
0.664943
0.703658
0.617768
0.540210
