0.182563
0.314999
0.539261
0.157257
0.418546
0.629858
0.522588
0.523481
0.333136
0.174652
0.512954
0.604187
0.274765
0.301394
0.257876
0.325332
0.261848
0.270222
0.134223
0.307561
0.235197
0.206986
0.413304
0.462537
0.645929
0.180701
0.031785
0.126172
0.231225
0.000000
0.298821
0.536451
0.357290
0.172004
0.184059
0.475044
0.420709
0.089834
0.088036
0.220042
0.351854
0.265185
0.166536
0.176686
0.240019
0.172617
0.358441
0.150444
0.409009
0.293924
0.405845
0.171939
0.318960
0.109607
0.350035
0.214466
0.382703
0.353070
0.236005
0.147936
