0.087025
0.004359
0.092941
0.112743
0.076446
0.097482
0.036327
0.160427
0.093942
0.062480
0.099697
0.066303
0.099292
0.100890
0.067253
0.057170
0.090079
0.156887
0.132544
0.047745
0.110275
0.078742
0.065018
0.086752
0.053428
0.090018
0.056381
0.116080
0.000000
0.029298
0.057271
0.085144
0.020378
0.022492
0.096076
0.133536
0.009537
0.090028
0.084739
0.105390
0.041616
0.036084
0.128691
0.091090
0.103782
0.014583
0.061226
0.109031
0.097148
0.169660
0.140028
0.157858
0.081220
0.054015
0.062682
0.129956
0.114138
0.065119
0.016222
0.117162
