0.800953
1.000000
0.684384
0.707478
0.905059
0.706378
0.723240
0.576613
0.875367
0.741569
0.706745
0.980572
0.963710
0.747801
0.563416
0.717375
0.688416
0.581012
0.674853
0.880499
0.708944
0.927053
0.700880
0.615836
0.649560
0.819648
0.813050
0.708211
0.865469
0.861437
0.789223
0.829545
0.667155
0.817449
0.626100
0.540689
0.511364
0.564883
0.471408
0.475440
0.533358
0.948680
0.800220
0.539223
0.607038
0.672654
0.493402
0.598240
0.719575
0.785191
0.718109
0.618768
0.872434
0.857771
0.870235
0.606672
0.561217
0.721774
0.895528
0.689516
