0.560949
0.432443
0.543015
0.290723
0.664105
0.348436
0.366505
0.755663
0.340615
0.316613
0.275755
0.256472
0.429072
0.290723
0.316208
0.293689
0.312298
0.326996
0.365022
0.467098
0.205771
0.408846
0.439995
0.247033
0.143339
0.534655
0.343042
0.502292
0.000000
0.068366
0.407093
0.421926
0.570119
0.476672
0.328479
0.727077
0.445658
0.418689
0.399407
0.501483
0.613673
0.586570
0.537621
0.454962
0.278991
0.797465
0.695523
0.797330
0.439320
0.327940
0.436758
0.412487
0.418420
0.449703
0.614887
0.525351
0.615561
0.551375
0.330232
0.292071
