0.117956
0.108306
0.092189
0.056241
0.088475
0.042248
0.164892
0.058736
0.153540
0.006129
0.098707
0.066033
0.096827
0.163743
0.143384
0.157620
0.163949
0.034292
0.019869
0.151776
0.180759
0.079041
0.120992
0.160910
0.117231
0.106131
0.095959
0.049175
0.083999
0.031912
0.152818
0.052252
0.147892
0.006078
0.094044
0.063351
0.088915
0.157120
0.136881
0.148262
0.163278
0.029477
0.012796
0.143361
0.181567
0.073530
0.118947
0.158453
0.066185
0.079611
0.078433
0.000000
0.164436
0.147866
0.223197
0.147192
0.123733
0.104653
0.026989
0.080710
0.103988
