0.921197
0.694013
0.772371
0.937176
0.823230
0.875961
0.749686
0.873281
0.874767
0.750506
0.823534
0.695277
0.900475
0.778044
0.882292
0.702518
0.829126
0.952002
0.819256
0.740847
0.875243
0.893720
0.869347
0.904278
0.668467
0.757079
0.930411
0.857413
0.877670
0.770166
0.927983
0.903681
0.787884
0.825243
0.703843
0.900475
0.794974
0.897573
0.736479
0.813906
0.945136
0.797108
0.766151
0.863319
0.895419
0.804177
0.753165
0.703853
0.946845
0.847714
0.875000
0.538896
0.667223
0.779167
0.844933
0.908606
0.624697
0.785771
1.000000
0.796177
