0.677800
0.537915
0.821269
0.573457
0.695000
0.649933
0.793230
0.814596
0.785770
0.407901
0.691018
1.000000
0.834810
0.832915
0.516302
0.446435
0.492234
0.619321
0.613013
0.517561
0.563403
0.516635
0.676153
0.720618
0.683203
0.537915
0.821269
0.573457
0.695000
0.649933
0.793230
0.814596
0.785770
0.407901
0.691018
1.000000
0.834810
0.832915
0.516302
0.446435
0.492234
0.619321
0.613013
0.517561
0.563403
0.516635
0.676153
0.720618
0.724471
0.607944
0.578139
0.614434
0.352446
0.164760
0.544675
0.692320
0.484312
0.242613
0.524547
0.719638
0.542877
