0.741505
1.000000
0.769417
0.516451
0.550162
0.988538
0.480313
0.732875
0.839671
0.293959
0.822141
0.759169
0.496899
0.087648
0.338862
0.542745
0.537891
0.624595
0.478560
0.714401
0.660059
0.499595
0.645766
0.606122
0.931904
0.860032
0.493932
0.572950
0.714132
0.662352
0.755663
0.862325
0.316613
0.844795
0.622033
0.451591
0.245550
0.384035
0.656014
0.560410
0.762001
0.546791
0.557039
0.614617
0.476942
0.760113
0.540992
0.875539
0.534655
0.797869
0.706850
0.113269
0.907632
0.543015
0.950378
0.706446
0.635518
0.557848
0.727077
0.738269
