0.081745
0.232038
0.167522
0.084311
0.197581
0.099707
0.129399
0.020161
0.149194
0.133431
0.108504
0.333944
0.209677
0.219941
0.057918
0.067082
0.064883
0.000000
0.081012
0.208211
0.155425
0.126466
0.084311
0.144062
0.081745
0.081745
0.232038
0.167522
0.084311
0.197581
0.099707
0.129399
0.020161
0.149194
0.133431
0.108504
0.333944
0.209677
0.219941
0.057918
0.067082
0.064883
0.000000
0.081012
0.208211
0.155425
0.126466
0.084311
0.144062
0.208944
0.030792
0.077713
0.022361
0.462610
0.161290
0.181452
0.117669
0.112537
0.436217
0.015029
0.057185
0.130865
