0.652295
0.645329
0.656311
0.732373
0.343048
0.473464
0.533971
0.548372
0.524400
0.682933
0.428468
0.672763
0.403299
0.892787
0.413982
0.383001
0.502820
0.647039
0.463294
0.609350
0.581745
0.426117
0.405094
0.298607
0.652295
0.645329
0.656311
0.732373
0.343048
0.473464
0.533971
0.548372
0.524400
0.682933
0.428468
0.672763
0.403299
0.892787
0.413982
0.383001
0.502820
0.647039
0.463294
0.609350
0.581745
0.426117
0.405094
0.298607
0.242287
0.781984
0.692291
0.535424
0.494787
0.269464
0.551876
0.426716
0.767328
0.334159
0.503419
0.429921
0.359670
