0.645768
0.554465
0.299185
0.222684
0.236155
0.714951
0.377515
0.718277
0.753700
0.605355
0.628804
0.491768
0.417429
0.373690
0.299850
0.409613
0.300848
0.755862
0.604524
0.502245
0.562947
0.417263
0.529686
0.494429
0.490604
0.421420
0.333444
0.747547
0.334941
0.192915
0.490770
0.345751
0.114419
0.268252
0.115250
0.000000
0.223682
0.524863
0.450025
0.193248
0.411109
0.263097
0.416265
0.224347
0.409613
0.528189
0.415433
0.231831
0.223183
0.292367
0.196241
0.414768
0.344088
0.487610
0.335606
0.262265
0.188924
0.675703
0.188758
0.264427
0.358931
0.607465
0.576748
0.575538
0.637159
0.637811
0.410407
0.661547
0.324770
0.827795
0.687052
0.736107
0.522480
0.493438
0.570790
0.496044
0.445313
0.469236
0.219957
0.579633
0.358466
0.415154
0.432933
0.683236
0.721214
0.664712
0.664898
0.630643
0.493624
0.750442
0.725775
0.646747
0.679698
0.581588
0.387787
0.524807
0.524435
0.552080
1.000000
0.397468
0.472587
0.361631
0.552453
0.474355
0.847342
0.693009
0.462999
0.423345
0.724379
0.443824
0.476031
0.772596
0.600205
0.524435
0.605231
0.661175
0.519966
0.571349
0.652890
0.714326
0.409115
0.589101
0.568230
0.739386
0.602212
0.893329
0.451659
0.461291
0.798073
0.432840
0.483321
0.719408
0.707010
0.517749
0.766679
0.747146
0.707813
0.885569
0.717802
0.504638
0.463967
0.800749
1.000000
0.496968
0.838298
0.602123
0.589458
0.515876
0.462451
0.446753
0.553425
0.526400
0.616126
0.609436
0.772654
0.786390
0.508473
0.465127
0.790582
0.623707
0.435337
0.860774
0.681859
0.701124
0.481002
0.459151
0.802533
0.589814
0.485997
0.675615
0.442472
0.655102
0.748305
0.451302
0.631912
0.575009
0.594096
0.439618
0.638601
0.381645
0.422461
0.087922
0.442814
0.617367
0.683903
0.749509
0.877157
0.767331
0.715880
0.638237
0.068705
0.756793
0.982023
0.630644
0.749923
0.817956
0.807366
0.561732
0.501291
0.575783
0.566381
0.663705
0.693977
0.757310
0.592107
0.182250
0.628991
0.865120
0.591125
0.515859
0.647794
0.520405
0.814444
0.630127
0.597479
0.650635
0.672848
0.845077
0.765730
0.680184
0.768674
0.673985
0.786806
0.642887
0.621242
0.596084
0.728691
0.866205
1.000000
0.772807
0.673417
0.734528
0.750077
0.729569
0.180752
0.901539
0.721356
0.755605
0.718669
0.795227
0.513614
0.220095
0.339016
0.331918
0.414242
0.222364
0.414242
0.348615
0.402083
0.435769
0.270247
0.986619
0.398650
0.252269
0.205550
0.211310
0.178729
0.309984
0.183442
0.427275
0.334885
0.204910
0.800384
0.243949
0.386840
0.575285
0.774727
0.532465
0.314405
0.204038
0.617291
0.426868
0.580929
0.568362
0.590994
0.547242
0.521352
0.586165
0.729230
0.451769
0.281592
0.579590
0.109495
0.072202
0.278799
0.424191
0.278799
0.592565
0.139690
0.509134
0.510647
0.456307
0.206714
0.107226
0.552304
0.642599
0.445951
0.516465
0.000000
0.247266
0.454147
0.592545
0.478137
0.419580
0.653682
0.650071
0.484716
0.598349
0.483684
0.800077
0.572166
0.658584
0.450535
0.639752
0.482007
0.596672
0.421772
0.573197
0.548175
0.570231
0.455437
0.424997
0.629692
0.620663
0.401264
0.393396
0.343222
0.651232
0.683735
0.633303
1.000000
0.569715
0.599381
0.340255
0.397653
0.540952
0.702825
0.595640
0.533084
0.625177
0.686444
0.482910
0.430156
0.367729
0.428092
0.789501
0.542371
0.426932
0.773120
0.563137
0.671869
0.679350
0.882110
0.593964
0.514382
0.744873
0.430156
0.651490
0.475171
0.452083
0.741505
1.000000
0.769417
0.516451
0.550162
0.988538
0.480313
0.732875
0.839671
0.293959
0.822141
0.759169
0.496899
0.087648
0.338862
0.542745
0.537891
0.624595
0.478560
0.714401
0.660059
0.499595
0.645766
0.606122
0.931904
0.860032
0.493932
0.572950
0.714132
0.662352
0.755663
0.862325
0.316613
0.844795
0.622033
0.451591
0.245550
0.384035
0.656014
0.560410
0.762001
0.546791
0.557039
0.614617
0.476942
0.760113
0.540992
0.875539
0.534655
0.797869
0.706850
0.113269
0.907632
0.543015
0.950378
0.706446
0.635518
0.557848
0.727077
0.738269
