0.751716
0.338210
0.577580
0.831345
0.768277
0.416690
0.915885
0.379770
0.476776
0.565163
0.539062
0.349811
0.558191
1.000000
0.410713
0.805433
0.762476
0.656108
0.001042
0.376468
0.467933
0.582090
0.473674
0.377379
0.568075
0.805066
0.868146
0.425047
0.946224
0.854013
0.742472
0.967472
0.897834
0.505137
0.667140
0.898248
0.320585
0.331167
0.475201
0.533937
0.635322
0.793880
0.591170
0.830303
0.616832
0.383298
0.286884
0.510949
0.487169
0.400367
0.747171
0.390400
0.904190
0.312713
0.352071
0.575734
0.954250
0.967401
0.913435
0.449515
0.914581
0.914941
0.758330
0.824877
0.811509
0.822879
0.823541
0.782440
0.857987
0.817839
0.680065
0.861820
0.745868
0.897091
1.000000
0.892143
0.947262
0.707996
0.862552
0.804402
0.855014
0.779119
0.819720
0.787736
0.795552
0.811172
0.856408
0.821787
0.767342
0.925730
0.794890
0.822891
0.806376
0.849161
0.869531
0.842959
0.869822
0.914581
0.828372
0.869218
0.800662
0.835643
0.894640
0.800848
0.992509
0.815632
0.832495
0.800732
0.702631
0.885117
0.730991
0.773091
0.898589
0.787190
0.807967
0.871157
0.844039
0.797155
0.878404
0.936949
0.833819
0.970726
0.874429
0.888495
0.856370
0.852969
0.938294
0.822205
0.830911
0.824786
0.908914
0.921027
0.855507
0.851721
0.890178
0.910896
0.886442
0.834554
0.765319
0.873345
0.893835
0.754418
0.884859
0.925248
0.733821
0.932798
0.857589
0.811390
0.879669
0.889557
0.859079
0.913242
0.873958
0.858559
0.668416
0.858273
0.918118
0.912457
0.956910
0.897321
0.892887
0.845341
0.848535
0.816780
0.870978
0.923237
1.000000
0.907602
0.349608
0.916742
0.851272
0.941075
0.846859
0.913263
0.887761
0.826362
0.501486
0.863407
0.902711
0.861745
0.831148
0.005066
0.868160
0.894696
0.852402
0.873194
0.859523
0.857286
0.825168
0.908109
0.000000
0.846486
0.878207
0.846336
0.930697
0.949822
0.944648
0.878078
0.870365
0.923480
0.897030
0.919973
0.928976
0.850466
0.922878
0.016866
0.856673
0.881079
0.796825
0.838731
0.881616
0.868580
0.837677
0.860158
0.900945
0.847691
0.890157
0.845820
0.866751
0.936828
0.838742
0.909153
0.930321
0.919446
0.941895
0.942712
0.912713
0.841528
0.835590
0.948725
0.898568
0.883843
1.000000
0.928611
0.012467
0.866956
0.902613
0.728254
0.866751
0.884370
0.085155
0.330998
0.178703
0.924378
0.127028
0.284963
0.351879
0.241703
0.513506
0.465546
0.329857
0.696014
0.868093
0.697402
0.461025
0.165163
0.426695
0.401182
0.392565
0.885930
0.319585
0.511179
0.858962
0.583287
1.000000
0.922454
0.718685
0.733836
0.841215
0.336772
0.700736
0.588345
0.708413
0.821565
0.575252
0.642840
0.826444
0.497393
0.761431
0.426538
0.568494
0.265851
0.361055
0.348029
0.372222
0.861961
0.704071
0.779021
0.248305
0.635902
0.532372
0.906474
0.215250
0.337063
0.551574
0.483114
0.687555
0.626995
0.288768
0.810017
0.933832
0.734726
0.910626
0.864827
0.883552
0.989644
0.825600
0.947513
0.896812
0.860957
0.889064
0.778491
0.870177
0.855856
1.000000
0.773619
0.874877
0.904006
0.854327
0.859639
0.897452
0.892035
0.822332
0.928769
0.892140
0.832593
0.880819
0.885118
0.869546
0.937481
0.882405
0.902936
0.846426
0.909136
0.995405
0.868610
0.855502
0.881029
0.984399
0.801238
0.857671
0.872097
0.789373
0.950541
0.912986
0.886351
0.941055
0.848729
0.971425
0.947369
0.917037
0.777927
0.921250
0.973900
0.847353
0.864091
0.882520
0.904617
0.907464
0.957917
0.921197
0.694013
0.772371
0.937176
0.823230
0.875961
0.749686
0.873281
0.874767
0.750506
0.823534
0.695277
0.900475
0.778044
0.882292
0.702518
0.829126
0.952002
0.819256
0.740847
0.875243
0.893720
0.869347
0.904278
0.668467
0.757079
0.930411
0.857413
0.877670
0.770166
0.927983
0.903681
0.787884
0.825243
0.703843
0.900475
0.794974
0.897573
0.736479
0.813906
0.945136
0.797108
0.766151
0.863319
0.895419
0.804177
0.753165
0.703853
0.946845
0.847714
0.875000
0.538896
0.667223
0.779167
0.844933
0.908606
0.624697
0.785771
1.000000
0.796177
