0.022501
0.022210
0.022466
0.022494
0.021958
0.021975
0.022050
0.022060
0.022004
0.022209
0.021970
0.022219
0.022091
0.022165
0.022133
0.021972
0.021751
0.021796
0.022139
0.022284
0.021818
0.021957
0.021957
0.022232
0.022125
0.022060
0.022189
0.021751
0.022181
0.022089
0.022110
0.022284
0.022128
0.022240
0.022133
0.022149
0.022286
0.022064
0.021736
0.022001
0.022274
0.021923
0.022159
0.022026
0.022016
0.022359
0.022332
0.022134
0.021637
0.022347
0.021999
0.022280
0.022219
0.022109
0.021943
0.021870
0.021967
0.022054
0.021778
0.022212
