0.030695
0.029479
0.029637
0.029454
0.028477
0.028240
0.032426
0.028803
0.027449
0.031084
0.027700
0.025951
0.029212
0.028496
0.029141
0.032512
0.029805
0.029044
0.026384
0.028467
0.025384
0.027761
0.028488
0.030141
0.027509
0.028208
0.027893
0.029892
0.029019
0.030043
0.028941
0.028034
0.028887
0.027897
0.028964
0.028095
0.026831
0.031119
0.027596
0.028489
0.027324
0.027290
0.028197
0.028013
0.027895
0.028010
0.030320
0.028178
0.029231
0.029501
0.029614
0.030575
0.028735
0.033318
0.029469
0.030232
0.027014
0.028801
0.029865
0.026427
