0.450624
0.459101
0.406248
0.260613
0.392387
0.378148
0.401488
0.430868
0.408922
0.414147
0.479345
0.257165
0.207838
0.435357
0.448416
0.438165
0.387574
0.504861
0.470405
0.375668
0.471862
0.451786
0.304875
0.407876
0.239122
0.303229
0.351172
0.318850
0.320184
0.470103
0.319233
0.361927
0.333331
0.333660
0.289959
0.391802
0.275498
0.452677
0.329348
0.502259
0.484947
0.458122
0.470576
0.463503
0.491233
0.257128
0.339556
0.313039
0.490396
0.275390
0.321399
0.324437
0.436868
0.412636
0.327746
0.391005
0.392290
0.288855
0.461872
0.298000
