0.031584
0.030386
0.030220
0.031099
0.029669
0.029053
0.031236
0.030100
0.030507
0.029801
0.030080
0.030352
0.029787
0.030826
0.030003
0.027720
0.031468
0.029000
0.029029
0.029200
0.027653
0.031253
0.030377
0.028997
0.028330
0.029241
0.030256
0.029799
0.031876
0.029540
0.028660
0.029650
0.031236
0.030787
0.030221
0.030134
0.030907
0.032664
0.027379
0.029148
0.031468
0.031433
0.030943
0.029741
0.027082
0.030817
0.031577
0.029098
0.030461
0.030239
0.029942
0.030204
0.031703
0.031764
0.029867
0.032943
0.028482
0.030834
0.033068
0.028007
