0.002949
0.002990
0.003097
0.003102
0.003234
0.003147
0.003458
0.003267
0.003033
0.002989
0.003233
0.003208
0.003164
0.003391
0.003101
0.003519
0.003250
0.003232
0.002874
0.003114
0.003303
0.003056
0.003159
0.003162
0.003337
0.003023
0.002900
0.003434
0.003253
0.003252
0.003118
0.003094
0.003040
0.002996
0.003357
0.003048
0.003016
0.003883
0.003248
0.003044
0.003221
0.003254
0.003127
0.003660
0.003173
0.003205
0.003549
0.003310
0.003198
0.003330
0.003019
0.003788
0.003393
0.004837
0.003404
0.004377
0.003426
0.004001
0.003717
0.003485
