0.013628
0.010834
0.009855
0.013152
0.014575
0.017536
0.011854
0.010300
0.010834
0.011832
0.013270
0.015101
0.013183
0.010864
0.013183
0.012357
0.010397
0.014171
0.013195
0.010377
0.012369
0.012334
0.012340
0.010890
0.009934
0.012253
0.015144
0.008011
0.010314
0.015073
0.010363
0.009901
0.011326
0.009868
0.010348
0.016541
0.012230
0.008954
0.014038
0.015566
0.014706
0.014609
0.013699
0.011391
0.015101
0.008415
0.011262
0.009850
0.015087
0.011759
0.010859
0.008023
0.011743
0.015159
0.011268
0.010377
0.007039
0.009421
0.008962
0.007079
