1142.227661
2060.165283
1293.455200
1018.316895
1229.928223
1238.284424
1161.347412
1300.294922
1467.005981
1090.679321
1335.616821
1270.122314
1373.666016
1396.901367
1172.840576
1210.189453
1551.240234
1707.983154
1441.085449
1126.483643
2096.459473
1458.735107
1167.992310
1404.636353
860.036743
1445.934937
938.805969
860.120972
1300.044189
1700.946289
1256.598511
1001.231262
1395.693359
1070.964600
2674.698975
1323.548218
1328.246216
998.882263
899.448853
1313.857300
1848.386841
1385.843262
1333.809692
1230.651123
1487.941772
1380.566040
986.376282
1343.705322
1311.180054
1248.791870
758.820740
1262.122803
1516.613037
1362.576538
1351.082642
1137.267090
970.512329
2025.055298
1179.530151
864.541626
