0.017802
0.013914
0.012971
0.017104
0.018322
0.022479
0.014775
0.013064
0.013364
0.015216
0.016365
0.019242
0.017001
0.013839
0.016471
0.015467
0.013142
0.017699
0.016888
0.013237
0.015116
0.015276
0.015476
0.013634
0.012537
0.015786
0.019208
0.009821
0.013072
0.018768
0.012956
0.012628
0.014101
0.012651
0.013072
0.021433
0.015439
0.011229
0.017825
0.019585
0.018474
0.018914
0.017334
0.014252
0.018980
0.010785
0.014235
0.012500
0.018935
0.015263
0.013482
0.010149
0.014741
0.019025
0.014193
0.012835
0.008834
0.011806
0.011170
0.008945
