1142.227661
2060.165283
1273.646484
998.237732
1044.931885
1238.284424
1129.963379
1300.294922
1344.392334
1090.679321
1335.616821
842.971619
1373.666016
1130.648682
1172.840576
1210.189453
1551.240234
998.200684
1433.522339
1126.483643
1968.534302
1236.819092
896.300598
1318.362305
860.036743
1445.934937
938.805969
860.120972
1056.748657
1208.391113
1256.598511
1001.231262
1395.693359
1070.964600
2674.698975
1141.401001
1328.246216
998.882263
899.448853
1313.857300
1464.677368
1385.843262
1120.117188
1230.651123
1421.667847
1060.794434
986.376282
1200.145142
1267.600464
1248.791870
758.820740
1262.122803
1148.048828
1144.595093
1158.210205
1137.267090
970.512329
837.449646
1043.163574
758.361816
