1629.000000
1653.000000
1619.000000
1637.000000
1692.000000
1646.000000
1692.000000
1684.000000
1721.000000
1643.000000
1711.000000
1663.000000
1647.000000
1662.000000
1700.000000
1681.000000
1674.000000
1695.000000
1658.000000
1662.000000
1720.000000
1702.000000
1680.000000
1687.000000
1675.000000
1647.000000
1666.000000
1731.000000
1683.000000
1705.000000
1698.000000
1663.000000
1702.000000
1660.000000
1683.000000
1633.000000
1684.000000
1692.000000
1683.000000
1685.000000
1678.000000
1639.000000
1673.000000
1684.000000
1686.000000
1669.000000
1686.000000
1680.000000
1690.000000
1638.000000
1706.000000
1675.000000
1696.000000
1682.000000
1691.000000
1714.000000
1698.000000
1694.000000
1701.000000
1677.000000
