0.381215
0.406534
0.396541
0.397068
0.387116
0.343864
0.332742
0.391924
0.332365
0.367012
0.337814
0.366807
0.367942
0.386282
0.325882
0.377156
0.316607
0.376991
0.379976
0.327316
0.333140
0.407756
0.359524
0.358032
0.327761
0.368549
0.388355
0.345465
0.339869
0.334311
0.361013
0.348767
0.376616
0.380120
0.342246
0.386405
0.380641
0.384752
0.355912
0.382789
0.365316
0.346553
0.355051
0.347387
0.363582
0.336729
0.374259
0.435714
0.386982
0.360195
0.352872
0.361194
0.380307
0.341260
0.371378
0.357643
0.339223
0.378394
0.349794
0.348241
