0.000038
0.000006
0.000111
0.000005
0.000009
0.000011
0.000029
0.000010
0.000007
0.000008
0.000018
0.000084
0.000008
0.000007
0.000011
0.000017
0.000022
0.000199
0.000014
0.000008
0.000070
0.000008
0.000009
0.000011
0.000011
0.000011
0.000007
0.000015
0.000010
0.000014
0.000005
0.000006
0.000007
0.000005
0.000014
0.000004
0.000007
0.000013
0.000012
0.000011
0.000008
0.000021
0.000010
0.000013
0.000012
0.000010
0.000006
0.000010
0.000012
0.000008
0.000013
0.000007
0.000142
0.000009
0.000026
0.000003
0.000027
0.000052
0.000012
0.000010
