0.291823
0.316533
0.301267
0.305308
0.307945
0.268246
0.266951
0.308989
0.269430
0.285376
0.273934
0.287872
0.285311
0.303259
0.260829
0.301331
0.250473
0.301842
0.296890
0.256604
0.272598
0.329222
0.286664
0.285985
0.259697
0.286051
0.306200
0.281810
0.268167
0.268488
0.288742
0.273456
0.302501
0.296523
0.270931
0.298204
0.301505
0.306786
0.280299
0.304245
0.290797
0.267672
0.280586
0.277646
0.289287
0.262740
0.296105
0.343340
0.308345
0.277516
0.284230
0.285512
0.302959
0.271909
0.294836
0.289151
0.270296
0.301931
0.280660
0.275602
