0.577783
0.517616
0.657422
0.509614
0.559113
0.601812
0.535717
0.635898
0.501893
0.484253
0.549553
0.483225
0.520310
0.566496
0.604999
0.558598
0.534390
0.530464
0.594320
0.435453
0.691833
0.557144
0.442164
0.614129
0.508106
0.562699
0.438138
0.485153
0.460291
0.597956
0.500631
0.442630
0.495399
0.463180
0.486612
0.526116
0.506125
0.435765
0.458624
0.506919
0.546689
0.536997
0.579076
0.570962
0.633675
0.452747
0.455839
0.491042
0.536217
0.501823
0.493533
0.508599
0.609775
0.553453
0.483897
0.472482
0.440223
0.505786
0.548147
0.422894
