2128.000000
2123.000000
2131.000000
2129.000000
2127.000000
2110.000000
2109.000000
2136.000000
2123.000000
2113.000000
2110.000000
2119.000000
2124.000000
2117.000000
2124.000000
2104.000000
2116.000000
2117.000000
2122.000000
2120.000000
2102.000000
2108.000000
2107.000000
2112.000000
2114.000000
2122.000000
2113.000000
2122.000000
2133.000000
2123.000000
2123.000000
2121.000000
2119.000000
2128.000000
2126.000000
2116.000000
2126.000000
2122.000000
2137.000000
2120.000000
2108.000000
2122.000000
2117.000000
2107.000000
2119.000000
2139.000000
2131.000000
2132.000000
2121.000000
2126.000000
2118.000000
2119.000000
2129.000000
2111.000000
2130.000000
2120.000000
2131.000000
2123.000000
2120.000000
2119.000000
