0.065789
0.063118
0.063351
0.069986
0.065820
0.061611
0.063537
0.070225
0.072539
0.060577
0.064929
0.069844
0.075330
0.061408
0.066855
0.061312
0.066635
0.065187
0.068803
0.065094
0.070885
0.067362
0.069767
0.071496
0.074267
0.069274
0.077142
0.061734
0.073605
0.065473
0.065473
0.064592
0.068429
0.068609
0.066792
0.066163
0.081373
0.065504
0.072064
0.066981
0.074004
0.057964
0.065187
0.065971
0.063237
0.076671
0.070859
0.077392
0.064121
0.063029
0.068933
0.072676
0.069516
0.066793
0.070423
0.058962
0.070859
0.077249
0.064151
0.077867
