0.085942
0.081065
0.083385
0.091020
0.082742
0.078979
0.079196
0.089074
0.089483
0.077906
0.080070
0.088996
0.097146
0.078219
0.083529
0.076740
0.084229
0.081416
0.088058
0.083032
0.086628
0.083431
0.087500
0.089508
0.093731
0.089253
0.097839
0.075679
0.093286
0.081525
0.081861
0.082381
0.085194
0.087952
0.084373
0.085732
0.102732
0.082151
0.091503
0.084273
0.092968
0.075046
0.082487
0.082542
0.079478
0.098262
0.089561
0.098214
0.080473
0.081807
0.085580
0.091940
0.087264
0.083829
0.088705
0.072929
0.088928
0.096812
0.079953
0.098390
