0.577783
0.517616
0.657422
0.446728
0.559113
0.601812
0.535717
0.635898
0.501893
0.473455
0.549553
0.455381
0.421760
0.566496
0.604999
0.558598
0.534390
0.530464
0.594320
0.425781
0.691833
0.557144
0.421873
0.614129
0.508106
0.562699
0.438138
0.408202
0.421023
0.597956
0.415770
0.438624
0.495399
0.463180
0.425926
0.526116
0.506125
0.403683
0.428766
0.506919
0.546689
0.536997
0.579076
0.570962
0.633675
0.450152
0.453196
0.427970
0.536217
0.501823
0.413787
0.441244
0.609775
0.553453
0.483897
0.417025
0.420929
0.460034
0.548147
0.388592
