0.383660
0.395064
0.374468
0.504255
0.162128
0.265957
0.245532
0.783660
0.224000
0.129447
0.196936
0.031319
0.634043
0.053957
0.295574
0.301617
0.365787
0.539319
0.080511
0.396085
0.244000
0.449362
0.226128
0.660511
0.335234
0.598979
0.353191
0.245106
0.518213
0.173447
0.609702
0.274894
0.174553
0.530553
0.249617
0.305957
0.337191
0.370723
0.318298
0.300681
0.280426
0.239404
0.118894
0.284936
0.233362
0.462894
0.267064
0.402979
0.307234
0.300596
0.589702
0.281532
0.000000
0.202383
0.250638
0.153617
0.270128
0.227149
0.356766
0.337787
