0.047768
0.078454
0.022604
0.045007
0.048695
0.035329
0.037374
0.070964
0.032129
0.055850
0.003267
0.048322
0.021018
0.060436
0.062060
0.023206
0.043316
0.029540
0.056060
0.031183
0.040803
0.057465
0.031135
0.061592
0.041711
0.047223
0.061640
0.084444
0.049889
0.044625
0.049640
0.047653
0.014942
0.040822
0.071136
0.032645
0.030552
0.060235
0.119104
0.061181
0.039332
0.058802
0.014588
0.000000
0.048312
0.048800
0.059127
0.084864
0.069626
0.043965
0.016069
0.096873
0.038959
0.065041
0.059672
0.069903
0.029406
0.019719
0.048761
0.064496
