0.677108
0.772188
0.682157
0.655212
0.420293
0.552216
0.550969
0.327941
0.474406
0.594133
0.683322
0.593638
0.419789
0.785772
0.620483
0.644388
0.544441
0.096955
0.525767
0.651948
0.635968
0.756183
0.777005
0.111803
0.873976
0.618732
0.814063
0.426581
0.413592
0.784483
0.309672
0.824689
0.642793
0.620872
0.444197
0.457104
0.357480
0.665491
0.558017
0.777848
0.517629
0.769081
0.493650
0.444958
0.644272
0.793448
0.651196
0.768106
0.550415
0.820384
0.533832
0.670580
0.772171
0.583284
0.473282
0.601272
0.890956
0.752555
0.505970
0.750580
