0.113891
0.000000
0.084096
0.139301
0.313040
0.056623
0.228557
0.370695
0.228041
0.115439
0.172578
0.115697
0.281439
0.176577
0.227138
0.227654
0.196698
0.258739
0.174513
0.171804
0.199665
0.198504
0.172707
0.310331
0.172707
0.112086
0.058171
0.339868
0.512963
0.231523
0.343738
0.171546
0.172062
0.255256
0.199149
0.256675
0.337160
0.170515
0.308397
0.256159
0.286857
0.170902
0.230104
0.169870
0.314201
0.197343
0.399845
0.057655
0.230104
0.112473
0.195408
0.113504
0.313556
0.113375
0.172191
0.316007
0.115826
0.226880
0.335225
0.113118
