0.882879
0.713008
0.664730
0.854716
0.513187
0.564595
0.448368
0.623156
0.614215
0.503353
0.532409
0.402772
0.723737
0.660259
0.805990
0.536433
0.738042
0.333035
0.540009
0.686634
0.458203
0.689763
0.662047
0.439428
0.683952
1.000000
0.744747
0.462226
0.300849
0.369245
0.428699
0.550738
0.420206
0.681270
0.627626
0.587841
0.535539
0.864104
0.644166
0.616898
0.446133
0.566831
0.430934
0.527045
0.519893
0.715244
0.512740
0.747430
0.373268
0.602146
0.447921
0.527045
0.302190
0.460438
0.438534
0.478319
0.714350
0.519446
0.635226
0.683952
