0.826067
0.621116
0.905872
0.626474
0.951411
0.655863
0.782587
0.486854
0.707311
0.704191
0.586497
0.494978
0.913828
0.711255
1.000000
0.861186
0.495680
0.497837
0.631009
0.458532
0.674472
0.508733
0.782320
0.649461
0.901099
0.891630
0.901442
0.916844
0.816053
0.644770
0.527203
0.545423
0.522674
0.514903
0.678583
0.460283
0.354557
0.791204
0.409415
0.564704
0.985387
0.563834
0.782564
0.478312
0.813507
0.504013
0.756028
0.702260
0.570468
0.705316
0.914489
0.924289
0.504558
0.733609
0.526803
0.442225
0.384341
0.754775
0.672477
0.601464
