0.018771
0.073206
0.159053
0.026286
0.153660
0.107054
0.024199
0.139910
0.031361
0.011064
0.137330
0.207039
0.182045
0.007637
0.213603
0.066699
0.214682
0.121551
0.049842
0.257530
0.045214
0.215111
0.046258
0.000000
0.116199
0.048137
0.121371
0.136402
0.077160
0.059955
0.193145
0.145953
0.268472
0.218080
0.107553
0.241473
0.355926
0.007202
0.246048
0.170111
0.188894
0.159435
0.028015
0.191022
0.040836
0.212548
0.007017
0.007446
0.155904
0.011290
0.209637
0.123401
0.230495
0.013210
0.097491
0.303596
0.327059
0.004830
0.055989
0.189967
