0.365668
0.534645
0.736701
0.444345
0.140367
0.265534
0.088511
0.185963
0.080912
0.103710
0.419759
0.135896
0.340635
0.345105
0.200715
0.467143
0.279839
0.073312
0.285650
0.520340
0.534198
0.418865
0.556102
0.088064
0.689763
0.608851
0.675458
0.087617
0.119803
0.064819
0.134555
0.409030
0.114886
0.624050
0.452839
0.330800
0.206974
0.393384
0.019222
0.256594
0.181046
0.317389
0.354940
0.601252
0.573536
0.432275
0.208315
0.429146
0.271346
0.158248
0.345552
0.084935
0.000000
0.079124
0.097005
0.130979
0.341976
0.359410
0.412159
0.423335
0.882879
