0.454147
0.592545
0.478137
0.419580
0.653682
0.650071
0.484716
0.598349
0.483684
0.800077
0.572166
0.658584
0.450535
0.639752
0.482007
0.596672
0.421772
0.573197
0.548175
0.570231
0.455437
0.424997
0.629692
0.620663
0.401264
0.393396
0.343222
0.651232
0.683735
0.633303
1.000000
0.569715
0.599381
0.340255
0.397653
0.540952
0.702825
0.595640
0.533084
0.625177
0.686444
0.482910
0.430156
0.367729
0.428092
0.789501
0.542371
0.426932
0.773120
0.563137
0.671869
0.679350
0.882110
0.593964
0.514382
0.744873
0.430156
0.651490
0.475171
0.452083
