0.933832
0.734726
0.910626
0.864827
0.883552
0.989644
0.825600
0.947513
0.896812
0.860957
0.889064
0.778491
0.870177
0.855856
1.000000
0.773619
0.874877
0.904006
0.854327
0.859639
0.897452
0.892035
0.822332
0.928769
0.892140
0.832593
0.880819
0.885118
0.869546
0.937481
0.882405
0.902936
0.846426
0.909136
0.995405
0.868610
0.855502
0.881029
0.984399
0.801238
0.857671
0.872097
0.789373
0.950541
0.912986
0.886351
0.941055
0.848729
0.971425
0.947369
0.917037
0.777927
0.921250
0.973900
0.847353
0.864091
0.882520
0.904617
0.907464
0.957917
