0.704350
0.459467
0.281909
0.000000
0.740401
0.443619
0.602008
0.603115
0.880174
0.294402
0.469399
0.681504
0.777079
0.592919
0.693080
0.737104
0.962628
0.454055
0.798248
0.453220
0.812543
0.455121
0.630638
0.431679
0.570254
0.364685
0.622326
0.986738
0.998579
0.218186
0.486990
0.642487
0.847222
1.000000
0.682198
0.848668
0.842148
0.736294
0.934005
0.706928
0.695030
0.563693
0.826870
0.883181
0.841272
0.585697
0.899368
0.598851
0.964189
0.703094
0.621805
0.743078
0.803132
0.989002
0.792902
0.348507
0.427746
0.623788
0.845015
0.703532
