0.632426
0.568511
0.860000
0.520255
0.754383
0.611660
0.687745
0.594979
0.659234
0.637277
0.698383
0.820766
0.721872
0.918894
0.585617
0.790213
0.445277
0.855574
0.928851
0.700085
0.871319
0.671830
0.962128
0.779319
1.000000
0.738638
0.950043
0.543574
0.696766
0.676851
0.896000
0.832255
0.572936
0.747319
0.782298
0.868255
0.545532
0.842043
0.460170
0.563319
0.742043
0.793191
0.819064
0.902128
0.904851
0.616085
0.739489
0.734979
0.841447
0.658809
0.769447
0.705106
0.702128
0.641702
0.622383
0.710128
0.779830
0.850128
0.595660
0.737447
