0.013292
0.013292
0.013119
0.013227
0.013350
0.013252
0.013391
0.013307
0.013353
0.013342
0.013317
0.013380
0.013280
0.013384
0.013347
0.013314
0.013318
0.013407
0.013383
0.013312
0.013323
0.013284
0.013367
0.013236
0.013269
0.013238
0.013328
0.013358
0.013385
0.013445
0.013418
0.013398
0.013406
0.013285
0.013299
0.013302
0.013326
0.013341
0.013308
0.013288
0.013409
0.013259
0.013354
0.013230
0.013359
0.013265
0.013355
0.013301
0.013347
0.013273
0.013299
0.013290
0.013373
0.013372
0.013364
0.013365
0.013396
0.013271
0.013168
0.013288
