0.003337
0.003715
0.004167
0.003513
0.002833
0.003113
0.002717
0.002935
0.002700
0.002751
0.003458
0.002823
0.003281
0.003291
0.002968
0.003564
0.003145
0.002683
0.003158
0.003683
0.003714
0.003456
0.003763
0.002716
0.004062
0.003881
0.004030
0.002715
0.002787
0.002664
0.002820
0.003434
0.002776
0.003915
0.003532
0.003259
0.002982
0.003399
0.002562
0.003093
0.002924
0.003229
0.003313
0.003864
0.003802
0.003486
0.002985
0.003479
0.003126
0.002873
0.003292
0.002709
0.002519
0.002696
0.002736
0.002812
0.003284
0.003323
0.003441
0.003466
0.004494
