0.022685
0.021934
0.025359
0.021367
0.024118
0.022441
0.023335
0.022245
0.023000
0.022742
0.023460
0.024898
0.023736
0.026051
0.022135
0.024539
0.020486
0.025307
0.026168
0.023480
0.025492
0.023148
0.026559
0.024411
0.027004
0.023933
0.026417
0.021641
0.023441
0.023207
0.025782
0.025033
0.021986
0.024035
0.024446
0.025456
0.021664
0.025148
0.020661
0.021873
0.023973
0.024574
0.024878
0.025854
0.025886
0.022493
0.023943
0.023890
0.025141
0.022995
0.024295
0.023539
0.023504
0.022794
0.022567
0.023598
0.024417
0.025243
0.022253
0.023919
