0.048179
0.055669
0.059398
0.063336
0.057886
0.062435
0.056062
0.063151
0.061200
0.057822
0.062662
0.061241
0.061256
0.056625
0.060589
0.057913
0.053758
0.054947
0.052823
0.062811
0.054550
0.065455
0.063127
0.067842
0.051596
0.057851
0.053051
0.056197
0.064782
0.056478
0.054113
0.057038
0.064611
0.062449
0.066268
0.057270
0.058902
0.058856
0.055208
0.063862
0.056532
0.059574
0.057532
0.056393
0.056331
0.060553
0.057461
0.064911
0.059039
0.056810
0.059341
0.059156
0.058532
0.061697
0.063503
0.054960
0.059035
0.057783
0.063189
0.055320
0.332953
