0.008531
0.017918
0.032722
0.009827
0.031792
0.023755
0.009467
0.029421
0.010702
0.007202
0.028976
0.040997
0.036687
0.006611
0.042129
0.016796
0.042315
0.026255
0.013889
0.049704
0.013091
0.042389
0.013271
0.005294
0.025332
0.013595
0.026224
0.028816
0.018600
0.015633
0.038601
0.030463
0.051591
0.042901
0.023841
0.046935
0.066672
0.006536
0.047724
0.034629
0.037868
0.032788
0.010125
0.038235
0.012336
0.041947
0.006504
0.006578
0.032179
0.007241
0.041445
0.026574
0.045042
0.007572
0.022106
0.057648
0.061694
0.006127
0.014949
0.038053
