0.004396
0.005469
0.004582
0.004128
0.005943
0.005915
0.004633
0.005514
0.004625
0.007078
0.005311
0.005981
0.004368
0.005835
0.004612
0.005501
0.004145
0.005319
0.005125
0.005296
0.004406
0.004170
0.005757
0.005687
0.003986
0.003925
0.003536
0.005924
0.006176
0.005785
0.008628
0.005292
0.005522
0.003513
0.003958
0.005069
0.006324
0.005493
0.005008
0.005722
0.006197
0.004619
0.004210
0.003726
0.004194
0.006996
0.005080
0.004185
0.006869
0.005241
0.006084
0.006142
0.007714
0.005480
0.004863
0.006650
0.004210
0.005926
0.004559
0.004380
