1847.834229
1550.808960
3456.800049
1953.883057
1779.800049
1946.899414
3021.962891
2412.078613
1682.639038
1589.608887
2446.621826
1868.400391
1937.682007
3196.629150
1857.401855
3210.669678
2003.847290
1814.939819
2527.664795
2216.711182
1851.530640
1828.979614
2558.227539
2558.721924
2001.236450
2088.971436
2093.040771
3030.834961
1911.887817
1281.802856
2123.139160
2439.865723
2864.431641
1698.988647
1875.952393
1971.039429
1961.178711
1559.269775
2125.813477
1546.705566
2017.422119
1903.013062
1772.430908
2685.497070
2278.149414
2414.776123
2184.266357
2178.306396
3585.275635
2499.618164
2100.413574
1874.845093
2250.778076
1982.381226
1717.327026
1824.129761
2095.793945
2092.994141
2474.051025
1898.765381
