1847.834229
1518.075684
1092.870117
1286.305054
1247.365112
1326.023560
1542.612671
2412.078613
1427.408936
1589.608887
1061.656982
1253.756592
897.747681
1512.904785
1114.121826
1828.322266
2003.847290
1199.354614
2366.961182
1236.538452
1723.448730
1750.822998
1704.374756
2558.721924
824.504883
2088.971436
1160.792114
1492.941284
1308.848267
1003.577454
2006.132935
1349.344727
1266.969849
1268.650635
1119.504639
1577.821777
1320.241699
1274.759888
2017.458130
1520.041504
1406.883179
1903.013062
1230.979980
1188.626221
1077.557373
1348.565063
1256.886597
1740.095703
2293.627686
1352.152954
1605.551025
996.212830
1798.889648
1347.902100
1717.327026
978.778503
1133.107178
932.197388
1055.130371
1689.533813
