0.003929
0.004935
0.004111
0.003741
0.005330
0.005313
0.004135
0.004920
0.004138
0.006292
0.004730
0.005310
0.003938
0.005108
0.004122
0.004902
0.003743
0.004708
0.004533
0.004711
0.003927
0.003748
0.005098
0.005116
0.003537
0.003550
0.003134
0.005319
0.005515
0.005119
0.007712
0.004710
0.004924
0.003171
0.003545
0.004524
0.005736
0.004945
0.004530
0.005124
0.005531
0.004146
0.003748
0.003346
0.003747
0.006302
0.004542
0.003731
0.006116
0.004718
0.005514
0.005529
0.006892
0.004910
0.004361
0.005901
0.003734
0.005309
0.004158
0.003939
