0.403297
0.373660
0.352171
0.318053
0.407660
0.371742
0.390911
0.391045
0.424576
0.353683
0.374862
0.400532
0.412099
0.389811
0.401933
0.407261
0.434555
0.373005
0.414661
0.372904
0.416391
0.373134
0.394376
0.370297
0.387068
0.362189
0.393370
0.437473
0.438906
0.344459
0.376991
0.395810
0.420588
0.439078
0.400616
0.420763
0.419974
0.407163
0.431091
0.403609
0.402169
0.386274
0.418125
0.424940
0.419868
0.388937
0.426899
0.390529
0.434744
0.403145
0.393307
0.407984
0.415252
0.437747
0.414014
0.360231
0.369821
0.393547
0.420321
0.403198
