0.360511
0.337150
0.315975
0.288246
0.365574
0.333924
0.348956
0.348947
0.379901
0.314392
0.333859
0.355556
0.371530
0.341257
0.359246
0.362941
0.392435
0.330129
0.366772
0.331698
0.371098
0.335306
0.349216
0.333137
0.343486
0.327613
0.348609
0.392829
0.391964
0.304784
0.336959
0.352237
0.375025
0.396354
0.358873
0.375492
0.380934
0.366495
0.389994
0.361451
0.358949
0.346693
0.372189
0.381693
0.375074
0.350335
0.381714
0.348125
0.387059
0.362886
0.356440
0.367299
0.371012
0.392184
0.371259
0.319630
0.328027
0.352536
0.383290
0.362544
