0.316321
0.379151
0.379532
0.400369
0.323806
0.426650
0.374847
0.353213
0.316211
0.333958
0.381395
0.437892
0.391190
0.304833
0.308961
0.304858
0.384132
0.313081
0.326727
0.331882
0.357650
0.285733
0.323039
0.345629
0.446872
0.271742
0.276386
0.340433
0.301155
0.454731
0.379951
0.349325
0.300510
0.319183
0.361494
0.346000
0.357033
0.301936
0.326198
0.337030
0.345264
0.285026
0.327159
0.387087
0.314393
0.293503
0.352379
0.289098
0.343788
0.343844
0.358499
0.359120
0.285524
0.300502
0.366421
0.342375
0.336906
0.381014
0.310471
0.419135
