0.139096
0.121595
0.137431
0.134475
0.134820
0.145022
0.128791
0.140130
0.135764
0.131538
0.134411
0.123697
0.134278
0.129077
0.145269
0.123725
0.134949
0.134955
0.130272
0.131501
0.135284
0.135897
0.127451
0.139512
0.134211
0.131164
0.132981
0.135146
0.132953
0.138019
0.134269
0.135597
0.130589
0.138129
0.145164
0.132769
0.133703
0.135087
0.145558
0.126922
0.131766
0.133860
0.125049
0.141339
0.137054
0.135683
0.139810
0.130768
0.142040
0.141341
0.139425
0.125395
0.137850
0.143166
0.131417
0.131589
0.133255
0.136650
0.139378
0.142182
