5090.000000
5066.000000
5108.000000
5079.000000
5066.000000
5082.000000
5078.000000
5081.000000
5075.000000
5086.000000
5074.000000
5085.000000
5079.000000
5090.000000
5094.000000
5100.000000
5076.000000
5098.000000
5074.000000
5095.000000
5093.000000
5070.000000
5100.000000
5082.000000
5089.000000
5070.000000
5106.000000
5076.000000
5077.000000
5079.000000
5057.000000
5096.000000
5077.000000
5046.000000
5077.000000
5084.000000
5056.000000
5056.000000
5077.000000
5074.000000
5062.000000
5065.000000
5070.000000
5080.000000
5071.000000
5078.000000
5064.000000
5093.000000
5069.000000
5087.000000
5078.000000
5064.000000
5078.000000
5092.000000
5045.000000
5084.000000
5088.000000
5086.000000
5051.000000
5078.000000
