0.155604
0.134763
0.153175
0.148381
0.150341
0.161446
0.144275
0.157036
0.151729
0.147976
0.150918
0.139344
0.148941
0.147442
0.162530
0.138834
0.149433
0.152482
0.147282
0.147838
0.151796
0.151229
0.143933
0.155074
0.151240
0.145007
0.150055
0.150505
0.148875
0.155986
0.150221
0.152370
0.146455
0.153019
0.162049
0.148777
0.147405
0.150077
0.160897
0.141725
0.147632
0.149142
0.140483
0.157353
0.153422
0.150634
0.156360
0.146696
0.159539
0.157021
0.153846
0.139285
0.154287
0.159798
0.146552
0.148304
0.150233
0.152546
0.152844
0.158125
