0.013505
0.013461
0.013459
0.013467
0.013618
0.013504
0.013477
0.013594
0.013451
0.013487
0.013328
0.013509
0.013517
0.013443
0.013556
0.013505
0.013409
0.013442
0.013331
0.013593
0.013579
0.013478
0.013538
0.013521
0.013458
0.013509
0.013438
0.013379
0.013391
0.013628
0.013477
0.013591
0.013450
0.013458
0.013557
0.013502
0.013428
0.013526
0.013490
0.013562
0.013443
0.013344
0.013543
0.013457
0.013438
0.013528
0.013508
0.013498
0.013488
0.013475
0.013584
0.013487
0.013475
0.013481
0.013356
0.013450
0.013471
0.013460
0.013547
0.013465
