0.321773
0.283979
0.308719
0.260798
0.292179
0.291944
0.315821
0.300357
0.250198
0.297396
0.276734
0.269072
0.280151
0.295053
0.238525
0.324278
0.284427
0.251176
0.246883
0.292975
0.312156
0.317943
0.283442
0.316494
0.299252
0.299844
0.316662
0.229188
0.254377
0.306175
0.284785
0.263175
0.245276
0.269219
0.276126
0.266969
0.220162
0.263507
0.254779
0.263149
0.264081
0.242948
0.309165
0.314146
0.255934
0.286685
0.335685
0.328395
0.283724
0.304493
0.303930
0.274037
0.316706
0.335156
0.350027
0.270763
0.324045
0.304193
0.277636
0.324469
