0.071761
0.049974
0.058988
0.038736
0.056022
0.049403
0.042872
0.042729
0.056821
0.055878
0.056729
0.048952
0.048015
0.050227
0.049865
0.044023
0.060084
0.057825
0.113187
0.048638
0.055132
0.056403
0.060520
0.055727
0.058626
0.052792
0.051413
0.059708
0.048153
0.055773
0.060021
0.030044
0.033306
0.036035
0.038644
0.034957
0.038285
0.034466
0.046673
0.053573
0.034084
0.035299
0.053487
0.052504
0.053799
0.057539
0.054870
0.052870
0.053307
0.061856
0.046757
0.059877
0.038246
0.050798
0.048975
0.050099
0.048135
0.042459
0.047972
0.051943
