0.007899
0.007567
0.004197
0.007205
0.003944
0.007458
0.006179
0.004500
0.004261
0.004157
0.003976
0.008262
0.007793
0.007793
0.007734
0.006328
0.006244
0.005018
0.019534
0.008115
0.004570
0.004169
0.004490
0.003773
0.004093
0.005197
0.004413
0.004403
0.007780
0.004880
0.004645
0.007478
0.006417
0.007175
0.008148
0.008808
0.008880
0.007003
0.008247
0.006085
0.008082
0.007517
0.005820
0.006327
0.004834
0.005709
0.005961
0.005707
0.004563
0.004425
0.004454
0.004552
0.005074
0.009959
0.007535
0.006820
0.006587
0.006086
0.005430
0.008906
