0.061686
0.070022
0.062335
0.059921
0.062928
0.070476
0.060857
0.061448
0.067058
0.065300
0.064910
0.070865
0.072062
0.071651
0.070513
0.059736
0.060827
0.062655
0.041980
0.071041
0.065494
0.064803
0.064323
0.064590
0.064805
0.062543
0.061304
0.067211
0.058947
0.061978
0.060947
0.059597
0.059991
0.059806
0.059636
0.059036
0.058865
0.059487
0.070136
0.067917
0.057720
0.058506
0.067211
0.067701
0.066619
0.067730
0.068402
0.066977
0.065209
0.063136
0.062315
0.068125
0.061465
0.072073
0.070409
0.071629
0.070991
0.060501
0.060567
0.070358
