2451.848145
2669.272217
2077.805664
2105.422119
2276.255615
2263.280518
3043.777588
2780.651367
1741.322510
2772.143066
2481.143555
1980.451904
2065.547119
2471.996338
2607.873047
1631.331299
2383.501465
2389.193359
1709.165894
2500.357910
1780.705811
1972.400757
3053.211670
3053.359619
2282.577881
2828.196777
2347.344482
2582.842041
1907.576538
2954.345215
2863.365723
2215.839600
1853.227661
2267.920166
1887.676392
1731.289062
2339.342285
1849.758789
2909.553711
2823.206055
2530.875244
1910.673462
2920.018555
2022.899170
2237.479004
2888.426270
2087.509766
2754.396240
2160.939697
2449.791260
2131.980957
1979.577515
1640.829834
2698.995850
2431.949463
2460.472412
2668.794922
1925.313599
1842.356567
2601.965820
