1154.155518
1008.270752
1140.604736
2095.211670
1987.975952
2263.280518
2035.684570
1767.976440
1667.800415
1875.552490
1539.852539
1935.567993
2065.547119
2471.996338
1798.576904
1193.351562
1647.689453
1068.499268
1709.165894
1525.041504
1276.620728
1972.400757
3053.211670
1693.805420
1023.108459
2828.196777
1168.694336
2582.842041
1571.490967
1513.608765
1723.882568
2215.839600
1853.227661
2267.920166
1887.676392
1472.794922
2339.342285
1703.310059
2909.553711
2823.206055
2530.875244
1472.669189
1766.120972
1917.305542
2237.479004
2888.426270
940.046631
2754.396240
2160.939697
1657.374146
2131.980957
1979.577515
1640.829834
1262.103271
1558.321045
2460.472412
1207.263062
1912.783936
1842.356567
2601.965820
