0.004548
0.006028
0.005851
0.004935
0.004602
0.004745
0.005202
0.006120
0.005202
0.006121
0.007814
0.006797
0.006127
0.006746
0.006081
0.003591
0.006543
0.005893
0.004983
0.005280
0.007441
0.006125
0.006800
0.007274
0.004072
0.006160
0.004253
0.005397
0.006508
0.004784
0.006110
0.005705
0.003847
0.003414
0.003627
0.005629
0.005393
0.004957
0.006534
0.006382
0.005172
0.004736
0.006570
0.005174
0.006732
0.004072
0.007466
0.005705
0.005613
0.006450
0.005733
0.006555
0.005008
0.006085
0.005391
0.004503
0.007230
0.006540
0.006098
0.006557
