0.003020
0.003909
0.003972
0.003445
0.003064
0.003024
0.003576
0.004194
0.003429
0.004058
0.005255
0.004317
0.003887
0.004319
0.003902
0.002492
0.004444
0.003971
0.004326
0.003307
0.004879
0.004071
0.004526
0.004829
0.002692
0.004163
0.002931
0.003478
0.004528
0.003233
0.004137
0.003927
0.002669
0.002356
0.002513
0.003931
0.003775
0.003455
0.004191
0.004125
0.003646
0.003329
0.004301
0.003410
0.004444
0.002670
0.004895
0.003719
0.003734
0.004333
0.003854
0.004177
0.003446
0.003879
0.003448
0.002873
0.004596
0.004515
0.004208
0.004219
