0.312187
0.319491
0.276328
0.348363
0.289001
0.352689
0.275277
0.316183
0.283872
0.289730
0.305649
0.361124
0.346948
0.338880
0.333784
0.332361
0.326038
0.300771
0.351755
0.341827
0.292897
0.262024
0.268132
0.297340
0.314480
0.279945
0.282740
0.397347
0.362433
0.296355
0.297352
0.427430
0.340801
0.372781
0.371118
0.427156
0.410112
0.401307
0.360973
0.304764
0.438948
0.459856
0.321477
0.297413
0.288824
0.296606
0.260860
0.268371
0.306242
0.316059
0.337996
0.386302
0.347598
0.349560
0.338500
0.358253
0.355626
0.317546
0.324752
0.333936
