6622.000000
6907.000000
6546.000000
6386.000000
6527.000000
6945.000000
6432.000000
6438.000000
6707.000000
6653.000000
6660.000000
6949.000000
6946.000000
6946.000000
6919.000000
6421.000000
6525.000000
6547.000000
5085.000000
6955.000000
6763.000000
6632.000000
6629.000000
6626.000000
6686.000000
6486.000000
6482.000000
6900.000000
6405.000000
6496.000000
6526.000000
6366.000000
6370.000000
6367.000000
6368.000000
6360.000000
6358.000000
6368.000000
6920.000000
6788.000000
6308.000000
6309.000000
6743.000000
6744.000000
6750.000000
6742.000000
6741.000000
6722.000000
6695.000000
6693.000000
6487.000000
6943.000000
6384.000000
6961.000000
6960.000000
6961.000000
6963.000000
6423.000000
6417.000000
6873.000000
