0.207339
0.207181
0.187595
0.243188
0.192431
0.224766
0.189210
0.216682
0.187118
0.192094
0.205556
0.229386
0.220127
0.216959
0.214193
0.230649
0.221456
0.202688
0.305408
0.214091
0.192075
0.174156
0.178458
0.197404
0.207897
0.189177
0.194847
0.256087
0.252147
0.200277
0.201348
0.294219
0.236421
0.257264
0.257067
0.298270
0.287040
0.279680
0.231503
0.196965
0.309448
0.323189
0.210440
0.196026
0.190667
0.194453
0.171043
0.174948
0.203734
0.212311
0.227224
0.246147
0.239192
0.222813
0.216523
0.228559
0.226052
0.219212
0.224092
0.214899
