4398.000000
4479.000000
4444.000000
4458.000000
4346.000000
4426.000000
4421.000000
4412.000000
4421.000000
4411.000000
4479.000000
4414.000000
4407.000000
4447.000000
4440.000000
4456.000000
4432.000000
4412.000000
4415.000000
4356.000000
4435.000000
4408.000000
4412.000000
4399.000000
4420.000000
4383.000000
4467.000000
4447.000000
4456.000000
4390.000000
4419.000000
4382.000000
4419.000000
4394.000000
4411.000000
4441.000000
4450.000000
4438.000000
4438.000000
4387.000000
4447.000000
4434.000000
4414.000000
4445.000000
4456.000000
4420.000000
4420.000000
4382.000000
4454.000000
4496.000000
4361.000000
4424.000000
4393.000000
4437.000000
4452.000000
4441.000000
4426.000000
4434.000000
4428.000000
4423.000000
