0.048475
0.037788
0.044455
0.051832
0.043971
0.039885
0.043843
0.046443
0.041598
0.041786
0.042342
0.036696
0.037288
0.038007
0.036277
0.047189
0.045824
0.045212
0.047984
0.037383
0.043915
0.041466
0.043596
0.044673
0.041280
0.047179
0.048905
0.038116
0.044184
0.045874
0.047043
0.049796
0.051020
0.046176
0.050408
0.050629
0.053633
0.048838
0.038150
0.043164
0.049461
0.048502
0.040042
0.041518
0.045630
0.040492
0.041092
0.040910
0.044063
0.043777
0.043472
0.036584
0.048089
0.037638
0.036207
0.034047
0.038633
0.048264
0.048153
0.041903
