0.072988
0.058272
0.065482
0.074249
0.066038
0.062585
0.063786
0.067770
0.063108
0.063024
0.062960
0.057771
0.058770
0.059366
0.056532
0.067998
0.067464
0.067090
0.055266
0.059688
0.066967
0.062387
0.065503
0.067288
0.062443
0.069815
0.070965
0.059141
0.063510
0.067882
0.069473
0.072341
0.073546
0.066909
0.072773
0.072506
0.076629
0.070077
0.059486
0.066788
0.070160
0.069012
0.061169
0.062992
0.069120
0.061765
0.062670
0.062757
0.066233
0.065169
0.064664
0.057414
0.069884
0.059049
0.056604
0.053366
0.060777
0.069914
0.069783
0.065114
