0.779892
0.551107
0.565884
0.449467
0.404523
0.503267
0.641329
0.667582
0.640321
0.606166
0.625000
0.480521
0.650775
0.594125
0.641639
0.689891
0.622539
0.601756
0.849090
0.610966
0.608975
0.586825
0.592073
0.602142
0.573593
0.615589
0.600077
0.510395
0.485628
0.496263
0.599006
0.677846
0.748779
0.452695
0.448062
0.389253
0.504138
0.349197
0.547201
0.475074
0.420635
0.420096
0.461447
0.460035
0.458786
0.497635
0.465229
0.471163
0.616184
0.474978
0.568106
0.554376
0.643466
0.485353
0.501470
0.518018
0.511075
0.673646
0.418391
0.527019
