0.779892
0.469443
0.399463
0.449467
0.404523
0.503267
0.403895
0.483556
0.442064
0.421382
0.405124
0.480521
0.457345
0.485518
0.517904
0.428051
0.620737
0.412230
0.718688
0.610966
0.477882
0.452089
0.433458
0.405200
0.429781
0.415511
0.600077
0.510395
0.485628
0.446500
0.475935
0.418695
0.463025
0.452695
0.448062
0.389253
0.504138
0.349197
0.530772
0.475074
0.420635
0.420096
0.461447
0.460035
0.458786
0.497635
0.465229
0.471163
0.462531
0.474978
0.536223
0.554376
0.445413
0.484840
0.480671
0.518018
0.511075
0.467608
0.401433
0.495105
