0.976313
0.898748
0.903289
0.915930
0.941703
0.852356
0.953363
0.925258
0.914212
0.923540
0.932499
0.818238
0.938144
0.896662
0.940599
0.860457
0.895434
0.963918
0.909057
0.808419
0.865857
0.818974
0.911021
0.877025
0.864998
0.968581
0.936058
0.867329
0.931517
0.891507
0.831492
0.862788
1.000000
0.900098
0.906603
0.892980
0.864998
0.872116
0.930903
0.816028
0.901448
0.837874
0.894575
0.855302
0.960972
0.891630
0.914580
0.805596
0.922680
0.868925
0.743373
0.907707
0.896416
0.947226
0.903412
0.853093
0.851006
0.943299
0.891875
0.865611
