0.590957
0.607898
0.182748
0.341514
0.405382
0.719277
0.513141
0.448433
0.338097
0.450984
0.510966
0.788069
0.591489
0.620150
0.518081
0.786176
0.404803
0.401913
0.229873
0.383877
0.561185
0.604476
0.031149
0.719455
0.710092
0.384529
0.515796
0.255994
0.124972
0.493451
0.331849
0.386031
0.647601
0.660854
0.428232
0.532586
0.706436
0.640137
0.394569
0.775629
0.259984
0.457066
0.356504
0.040491
0.406456
0.000000
0.473005
0.502240
0.428931
0.656911
0.522238
0.538610
0.307657
0.365220
0.658575
0.153732
0.451026
0.448559
0.390678
0.198896
