0.138136
0.138136
0.164572
0.164200
0.111142
0.111328
0.191287
0.027553
0.107512
0.165596
0.137299
0.199665
0.137392
0.027087
0.080704
0.220423
0.139626
0.193335
0.137392
0.082938
0.193056
0.166248
0.080145
0.136182
0.139067
0.138788
0.194173
0.191660
0.082007
0.083962
0.140370
0.225915
0.135158
0.166434
0.111049
0.083031
0.138136
0.110491
0.167179
0.115052
0.056130
0.083962
0.276273
0.056595
0.163548
0.138974
0.108350
0.086009
0.139998
0.139067
0.084986
0.110491
0.053896
0.165689
0.137485
0.000000
0.109094
0.189798
0.053523
0.411989
