0.165162
0.033645
0.062434
0.050196
0.257736
0.042912
0.121903
0.027127
0.281069
0.139476
0.000000
0.099865
0.066570
0.239655
0.060459
0.134134
0.189620
0.057797
0.215511
0.139704
0.249601
0.173488
0.205162
0.120787
0.112047
0.198632
0.078950
0.167036
0.167271
0.006463
0.026862
0.159338
0.048445
0.148675
0.150662
0.239841
0.078827
0.179551
0.060832
0.147664
0.041904
0.164621
0.109157
0.209470
0.278770
0.120488
0.102374
0.260248
0.164068
0.150725
0.214253
0.145009
0.268660
0.075508
0.084438
0.248813
0.179035
0.065443
0.128608
0.082482
