0.882559
0.519115
0.482196
0.549225
0.747439
0.602011
0.758558
0.728886
0.589893
0.742691
0.746752
0.539668
0.679098
0.730197
0.657734
0.574025
0.551787
0.644053
0.767179
0.405922
0.549725
0.484383
0.461332
0.545977
0.527111
0.775862
0.771239
0.565530
0.702774
0.738568
0.442841
0.676162
0.842079
0.669915
0.628373
0.693591
0.602074
0.728261
0.788606
0.537544
0.694028
0.547039
0.594328
0.698588
0.738881
0.668666
0.534795
0.599263
1.000000
0.726074
0.260682
0.673538
0.593703
0.761057
0.647801
0.509683
0.454710
0.695152
0.576774
0.533046
