0.046908
0.050462
0.072748
0.037849
0.075722
0.000000
0.098961
0.046490
0.088706
0.043366
0.004378
0.037547
0.038883
0.061913
0.055676
0.053261
0.063237
0.040021
0.052610
0.046908
0.039707
0.071808
0.054503
0.033517
0.034679
0.058336
0.075722
0.092712
0.044899
0.087266
0.012299
0.091342
0.072667
0.075605
0.075489
0.067789
0.046908
0.053795
0.038650
0.044701
0.031729
0.042228
0.119470
0.039800
0.098357
0.069032
0.097277
0.088694
0.063794
0.048406
0.026921
0.050241
0.080715
0.040021
0.066454
0.073770
0.075036
0.032205
0.096684
0.035143
