0.813507
0.793682
0.598061
0.533676
0.801093
0.942109
0.850832
0.596715
0.668626
0.742081
0.718750
0.964829
0.710963
0.870454
0.695576
0.976445
0.746843
0.698617
0.398716
0.587535
1.000000
0.889252
0.201150
0.760639
0.878737
0.665262
0.717034
0.447808
0.389541
0.625694
0.691138
0.726173
0.746468
0.842799
0.586779
0.765985
0.939121
0.991070
0.662065
0.965388
0.408292
0.802533
0.717916
0.455840
0.687356
0.263333
0.695055
0.740944
0.630691
0.943038
0.715141
0.695081
0.638400
0.543268
0.850143
0.464227
0.850696
0.689985
0.458051
0.569139
