0.358931
0.607465
0.576748
0.575538
0.637159
0.637811
0.410407
0.661547
0.324770
0.827795
0.687052
0.736107
0.522480
0.493438
0.570790
0.496044
0.445313
0.469236
0.219957
0.579633
0.358466
0.415154
0.432933
0.683236
0.721214
0.664712
0.664898
0.630643
0.493624
0.750442
0.725775
0.646747
0.679698
0.581588
0.387787
0.524807
0.524435
0.552080
1.000000
0.397468
0.472587
0.361631
0.552453
0.474355
0.847342
0.693009
0.462999
0.423345
0.724379
0.443824
0.476031
0.772596
0.600205
0.524435
0.605231
0.661175
0.519966
0.571349
0.652890
0.714326
