0.507309
0.377561
0.216954
0.128811
0.481572
0.189968
0.313656
0.234070
0.431284
0.369003
0.232259
0.165605
0.277674
0.392179
0.138368
0.032171
0.275675
0.312719
0.311594
0.352386
0.036732
0.329273
0.337331
0.156734
0.470640
0.164293
0.233196
0.919228
0.233508
0.349075
0.277861
0.544165
0.417354
0.070652
0.562219
0.380685
0.288918
0.650425
0.106384
0.256622
0.308158
0.149488
0.461644
0.475887
0.000000
0.444028
0.167291
0.502749
0.292291
0.150425
0.519615
0.175412
0.552099
0.483633
0.303848
0.486382
0.243441
0.289605
0.391117
0.161732
