0.125798
0.247545
0.245827
0.315415
0.249018
0.282646
0.170839
0.271723
0.288783
0.135862
0.341433
0.299460
0.398135
0.232081
0.226190
0.240550
0.279210
0.222140
0.260064
0.382425
0.313083
0.312101
0.286451
0.289151
0.406848
0.212199
0.179431
0.000000
0.165317
0.150344
0.300074
0.193054
0.154394
0.409794
0.271600
0.114138
0.318115
0.088488
0.355916
0.378130
0.467968
0.261168
0.300810
0.201276
0.065292
0.146907
0.174767
0.143594
0.290869
0.363893
0.384880
0.392857
0.354688
0.178940
0.185444
0.266568
0.297742
0.278105
0.245459
0.074374
