0.913392
0.883958
0.863552
0.783899
0.846285
0.824272
0.812990
1.000000
0.800718
0.923999
0.855618
0.867610
0.838848
0.920758
0.878336
0.902256
0.955244
0.870227
0.860912
0.848088
0.841241
0.846740
0.869122
0.866811
0.866953
0.856947
0.827408
0.793121
0.780334
0.801708
0.872161
0.837832
0.774599
0.833632
0.829869
0.799132
0.827057
0.854729
0.900374
0.868065
0.890354
0.869648
0.829036
0.806012
0.706637
0.777168
0.833300
0.765400
0.773464
0.895405
0.898862
0.817773
0.802159
0.740726
0.916536
0.833300
0.884406
0.840322
0.766685
0.760383
