0.914581
0.914941
0.758330
0.824877
0.811509
0.822879
0.823541
0.782440
0.857987
0.817839
0.680065
0.861820
0.745868
0.897091
1.000000
0.892143
0.947262
0.707996
0.862552
0.804402
0.855014
0.779119
0.819720
0.787736
0.795552
0.811172
0.856408
0.821787
0.767342
0.925730
0.794890
0.822891
0.806376
0.849161
0.869531
0.842959
0.869822
0.914581
0.828372
0.869218
0.800662
0.835643
0.894640
0.800848
0.992509
0.815632
0.832495
0.800732
0.702631
0.885117
0.730991
0.773091
0.898589
0.787190
0.807967
0.871157
0.844039
0.797155
0.878404
0.936949
