0.014720
0.014677
0.014649
0.014708
0.014948
0.014697
0.014726
0.014846
0.014637
0.014775
0.014757
0.014818
0.014777
0.014767
0.014840
0.014684
0.014777
0.014773
0.014800
0.014813
0.014873
0.014849
0.014735
0.014720
0.014844
0.014728
0.014671
0.014664
0.014720
0.014771
0.014847
0.014816
0.014817
0.014765
0.014768
0.014816
0.014763
0.014752
0.014830
0.014678
0.014809
0.014841
0.014754
0.014830
0.014711
0.014735
0.014808
0.014777
0.014749
0.014740
0.014758
0.014858
0.014772
0.014766
0.014777
0.014692
0.014682
0.014737
0.014708
0.014814
