0.041816
0.035903
0.044692
0.043434
0.042891
0.041367
0.041758
0.041690
0.043819
0.041355
0.036760
0.044475
0.041754
0.038578
0.039663
0.045196
0.041978
0.041284
0.041395
0.037740
0.046356
0.040956
0.045084
0.041085
0.043865
0.046157
0.044762
0.046342
0.034555
0.040002
0.044934
0.043107
0.047886
0.044781
0.040412
0.043337
0.045453
0.040655
0.046905
0.043648
0.045564
0.041534
0.045148
0.043865
0.044155
0.047556
0.039911
0.033959
0.045381
0.041467
0.037152
0.037493
0.042157
0.041931
0.043092
0.043314
0.041888
0.040113
0.046166
0.041292
