0.002681
0.004438
0.004665
0.004336
0.003754
0.004724
0.004213
0.003932
0.005104
0.004666
0.004209
0.004652
0.004300
0.004060
0.004255
0.004487
0.004642
0.004178
0.004723
0.004091
0.004879
0.004195
0.004148
0.004551
0.005402
0.004322
0.004590
0.005132
0.004541
0.004362
0.003992
0.004550
0.004347
0.004238
0.005861
0.004226
0.004188
0.004424
0.004080
0.004480
0.004459
0.004076
0.004456
0.003800
0.004435
0.004320
0.004304
0.004437
0.008469
0.004126
0.004651
0.004090
0.004022
0.004220
0.004446
0.004718
0.007019
0.003975
0.004357
0.004376
