0.161244
0.228236
0.269167
0.224454
0.164856
0.278568
0.221923
0.170427
0.229422
0.213727
0.226507
0.251627
0.203444
0.201380
0.220369
0.222179
0.244391
0.241586
0.227239
0.211253
0.230775
0.173525
0.214511
0.240636
0.196232
0.208710
0.251799
0.251305
0.234815
0.226139
0.213910
0.240992
0.198621
0.220888
0.232661
0.224571
0.230417
0.238731
0.226845
0.218847
0.201571
0.217479
0.215148
0.221918
0.253258
0.223009
0.227180
0.238421
0.188714
0.211247
0.244473
0.218574
0.183436
0.216232
0.219885
0.245757
0.214577
0.210783
0.211326
0.227763
