0.031678
0.022669
0.021909
0.023165
0.027196
0.024626
0.023184
0.026214
0.025565
0.026613
0.021848
0.026183
0.028179
0.025025
0.025095
0.023512
0.022862
0.024263
0.023192
0.022354
0.024958
0.025898
0.026231
0.019625
0.029204
0.025872
0.020178
0.022151
0.023202
0.027420
0.025805
0.023150
0.024337
0.029743
0.040522
0.024188
0.025978
0.024172
0.023689
0.031433
0.024511
0.026879
0.024320
0.031276
0.022899
0.023166
0.019524
0.023667
0.044921
0.030711
0.025796
0.026752
0.029111
0.023048
0.023334
0.022249
0.054361
0.026665
0.028205
0.024661
