1434.233398
1028.480713
1580.146118
1649.960205
1454.309448
1642.451904
1306.498657
1432.615112
1385.475342
1484.096558
1488.734375
2010.153931
1332.722412
1567.786743
1381.091675
1304.647705
1508.577881
1582.408936
1720.635986
1272.012939
1124.873413
1535.482666
1384.174316
1139.439209
1591.594116
1264.995239
1660.732544
1477.773560
1231.797363
1458.460571
1289.636108
1868.548584
1437.112305
1622.104248
1366.209717
1136.265015
1237.073853
1074.127686
1447.571777
2181.054199
1359.547607
1562.963745
1374.441650
1473.247192
1380.413208
1134.343994
1215.014893
1415.700195
1533.250244
2053.407959
1619.130127
1453.422852
1596.954834
1625.666504
1228.506592
1430.030640
1070.614380
1137.478027
1486.139282
1299.350464
