1434.233398
1302.347290
1893.721802
1983.303833
1696.140015
2280.334717
2093.570557
1835.327271
1385.475342
1721.127075
1522.908569
2010.153931
1663.836548
1567.786743
1403.609863
1709.651978
2547.342041
2056.825928
1952.372681
2017.793823
2351.879883
1578.927368
1531.640869
1596.568359
1851.201294
1681.458130
1660.732544
2011.509766
1730.130493
2310.669434
1804.864746
1958.021973
1516.250488
1622.104248
1699.447388
1855.458618
1668.079590
1604.725464
1447.571777
2181.054199
2098.946289
2097.902588
1631.017090
1586.450562
1572.557617
1480.466919
1621.735962
1594.744263
1533.250244
2053.407959
2036.887817
1837.531860
2535.340088
1625.666504
1678.066895
2693.226318
1124.259155
1810.633667
1486.139282
2034.521973
