0.009441
0.010436
0.014114
0.010247
0.009542
0.012797
0.013053
0.012349
0.014867
0.010231
0.011050
0.013376
0.011409
0.009817
0.012570
0.012484
0.013273
0.012834
0.014431
0.009363
0.013990
0.011036
0.013947
0.011488
0.014977
0.011325
0.010438
0.014312
0.012655
0.010613
0.012316
0.012019
0.012769
0.011649
0.012956
0.012270
0.012645
0.011361
0.014175
0.011573
0.009649
0.010689
0.012457
0.013158
0.014706
0.011044
0.011946
0.016729
0.010809
0.010557
0.012427
0.015058
0.013742
0.008788
0.010053
0.011820
0.014402
0.011079
0.011242
0.015733
