0.008704
0.009816
0.013226
0.009475
0.008477
0.012022
0.012036
0.011058
0.014165
0.009425
0.010261
0.012337
0.010359
0.008955
0.011634
0.011696
0.012346
0.011639
0.013473
0.008512
0.012919
0.009820
0.012839
0.010864
0.014032
0.010447
0.009881
0.013661
0.011837
0.009699
0.011192
0.011084
0.011869
0.010667
0.012247
0.011192
0.011667
0.010555
0.013019
0.010628
0.008793
0.009683
0.011388
0.011770
0.013855
0.010347
0.011136
0.015407
0.010154
0.009704
0.011556
0.013612
0.012452
0.008088
0.009432
0.011089
0.013774
0.010157
0.010414
0.014564
