0.365854
0.357944
0.358338
0.346558
0.370774
0.400627
0.361481
0.353289
0.417580
0.369622
0.361747
0.388443
0.341735
0.362961
0.384595
0.346944
0.346430
0.379412
0.396847
0.357945
0.407049
0.351817
0.365789
0.381201
0.411340
0.341059
0.360386
0.415561
0.364355
0.374635
0.345649
0.388889
0.389465
0.370929
0.393178
0.354495
0.357745
0.372523
0.348489
0.357969
0.354865
0.351951
0.370262
0.351504
0.351628
0.351302
0.365277
0.355019
0.362246
0.376353
0.394500
0.379134
0.352537
0.364847
0.416402
0.368532
0.371563
0.353205
0.350588
0.366667
