0.337282
0.336687
0.335782
0.320457
0.329378
0.376349
0.333333
0.316346
0.397863
0.340503
0.335939
0.358253
0.310287
0.331075
0.355941
0.325049
0.322222
0.344083
0.370509
0.325389
0.375901
0.313054
0.336725
0.360494
0.385367
0.314626
0.341156
0.396672
0.340814
0.342386
0.314112
0.358621
0.362018
0.339636
0.371657
0.323358
0.330092
0.346097
0.320069
0.328744
0.323400
0.318809
0.338503
0.314437
0.331272
0.329145
0.340510
0.326975
0.340267
0.345949
0.366855
0.342732
0.319444
0.335784
0.390668
0.345737
0.355372
0.323821
0.324776
0.339422
