0.402763
0.534267
0.554298
0.467590
0.520952
0.460923
0.489642
0.524192
0.518030
0.504989
0.512329
0.538545
0.412032
0.502791
0.533735
0.549295
0.478339
0.508798
0.467140
0.477164
0.543792
0.515995
0.471680
0.539525
0.477258
0.461631
0.589600
0.559509
0.509548
0.543013
0.547352
0.575734
0.473434
0.604985
0.584745
0.539858
0.473647
0.513302
0.523298
0.492960
0.562183
0.481065
0.549277
0.505748
0.472295
0.539365
0.538730
0.422606
0.727856
0.526491
0.512606
0.470653
0.456292
0.450449
0.563998
0.511191
0.511511
0.450981
0.425282
0.647692
