0.402763
0.534267
0.554298
0.506424
0.520952
0.460923
0.489642
0.708906
0.518030
0.700699
0.512329
0.538545
0.632026
0.502791
0.533735
0.549295
0.478339
0.508798
0.525441
0.477164
0.543792
0.664200
0.521020
0.539525
0.477258
0.818017
0.589600
0.559509
0.509548
0.543013
0.547352
0.575734
0.473434
0.604985
0.584745
0.539858
0.514483
0.513302
0.523298
0.492960
0.562183
0.733506
0.826346
0.705512
0.472295
0.539365
0.538730
0.422606
0.727856
0.526491
0.512606
0.470653
0.727346
0.450449
0.563998
0.511191
0.511511
0.786816
0.776681
0.647692
