0.095725
0.080094
0.081809
0.084341
0.091330
0.084879
0.085509
0.091007
0.079030
0.082371
0.087609
0.081327
0.086760
0.088883
0.086922
0.083485
0.075922
0.085561
0.072688
0.091760
0.076137
0.090444
0.090789
0.084856
0.069805
0.084014
0.080376
0.077283
0.087793
0.090210
0.081660
0.084402
0.080341
0.088165
0.063987
0.078954
0.084036
0.084808
0.078096
0.083114
0.082820
0.084447
0.083753
0.087003
0.079569
0.080463
0.079108
0.083378
0.052729
0.084191
0.081703
0.085507
0.086152
0.086551
0.075132
0.083268
0.058654
0.084938
0.083399
0.078667
