4136.000000
4075.000000
4083.000000
4116.000000
4129.000000
4076.000000
4071.000000
4160.000000
4024.000000
4138.000000
4093.000000
4053.000000
4151.000000
4132.000000
4040.000000
4104.000000
4050.000000
4124.000000
4008.000000
4112.000000
4025.000000
4175.000000
4128.000000
4050.000000
3991.000000
4116.000000
4048.000000
4026.000000
4055.000000
4124.000000
4110.000000
4060.000000
4044.000000
4125.000000
4001.000000
4110.000000
4114.000000
4074.000000
4071.000000
4140.000000
4094.000000
4131.000000
4127.000000
4163.000000
4042.000000
4059.000000
4041.000000
4089.000000
4038.000000
4122.000000
4067.000000
4114.000000
4176.000000
4080.000000
4029.000000
4058.000000
3993.000000
4135.000000
4129.000000
4051.000000
