0.088250
0.075337
0.076659
0.077988
0.081133
0.079735
0.078850
0.081490
0.075298
0.075882
0.081358
0.075006
0.078776
0.081075
0.080446
0.078216
0.070617
0.077595
0.067864
0.083414
0.070311
0.080479
0.083576
0.080247
0.065397
0.077502
0.076087
0.073770
0.082121
0.082444
0.074209
0.077833
0.074679
0.080727
0.060485
0.072019
0.077540
0.078792
0.071727
0.076329
0.075476
0.076495
0.076569
0.077828
0.074963
0.075388
0.073744
0.076791
0.049529
0.077390
0.075977
0.077297
0.078065
0.079657
0.070489
0.078117
0.056098
0.077872
0.077258
0.072822
