0.044691
0.037198
0.048221
0.047303
0.046484
0.047133
0.045769
0.047083
0.045247
0.046658
0.047092
0.048205
0.048555
0.045942
0.044908
0.045992
0.044220
0.035295
0.047125
0.044704
0.047162
0.046305
0.045432
0.048408
0.034739
0.046351
0.045894
0.045680
0.047500
0.045137
0.047189
0.046238
0.044940
0.046360
0.046254
0.046866
0.045340
0.046473
0.047964
0.046681
0.046351
0.034305
0.046137
0.046445
0.046966
0.048636
0.035609
0.035608
0.057426
0.037198
0.048221
0.048141
0.070308
0.075725
0.074767
0.076267
0.077844
0.076690
0.066364
0.086771
