0.014947
0.011650
0.018935
0.018586
0.017817
0.018969
0.014977
0.018426
0.015206
0.018266
0.019159
0.019106
0.018533
0.016767
0.015492
0.017166
0.014745
0.008866
0.017033
0.015858
0.018605
0.017255
0.014557
0.019166
0.007968
0.017759
0.018282
0.016257
0.019085
0.015387
0.019185
0.018597
0.015840
0.018387
0.018627
0.019060
0.017139
0.018941
0.018335
0.018899
0.017451
0.008509
0.017857
0.019419
0.018895
0.018911
0.009603
0.008640
0.009808
0.011650
0.018935
0.019214
0.025744
0.025484
0.025171
0.025160
0.026919
0.025276
0.022263
0.048599
