0.117524
0.127690
0.047249
0.069208
0.059157
0.091771
0.074521
0.026555
0.036951
0.025885
0.012740
0.082047
0.030401
0.117891
0.080811
0.013592
0.106007
0.129367
0.022314
0.061767
0.135359
0.073899
0.081204
0.084323
0.104562
0.044019
0.042239
0.046121
0.017345
0.076545
0.035355
0.069464
0.031311
0.038396
0.033247
0.055758
0.086531
0.104737
0.062514
0.079585
0.059176
0.100248
0.071560
0.093398
0.076955
0.062405
0.012930
0.105600
0.127831
0.047525
0.155206
0.145875
0.116956
0.053753
0.237056
0.165321
0.188152
0.053781
0.075670
