0.043115
0.111496
0.064350
0.065921
0.064332
0.063946
0.051695
0.063414
0.060084
0.066619
0.063168
0.064672
0.061067
0.061049
0.044685
0.058724
0.042013
0.110723
0.060098
0.058257
0.064313
0.061796
0.046438
0.066604
0.112447
0.065110
0.062365
0.057215
0.061528
0.047911
0.063948
0.063954
0.056310
0.065556
0.062233
0.066540
0.050876
0.064743
0.062668
0.064145
0.062837
0.112676
0.064495
0.064471
0.066801
0.065866
0.112270
0.096819
0.118782
0.111496
0.064350
0.067421
0.059949
0.058264
0.056691
0.059443
0.057990
0.056788
0.053423
0.122177
