0.004267
0.007317
0.003949
0.004462
917.241150
56214962176.000000
160905805824.000000
0.003487
2301800742912.000000
0.004363
389956698112.000000
0.004010
3249040384.000000
0.005152
0.002697
0.003416
17398167552.000000
0.002231
777.428223
1854358290432.000000
0.005694
281740800.000000
0.003507
0.006036
492565299200.000000
783812672.000000
0.004970
0.004630
12452938907648.000000
1023365152768.000000
1318120832.000000
3459014144.000000
0.003367
0.005598
7235022848.000000
0.005128
13128419017490432.000000
0.005561
2339054592.000000
0.003799
0.003486
0.004875
0.010267
0.010914
148281564856320.000000
0.009043
68544234520576.000000
0.012749
0.007096
