0.191495
0.144137
0.207244
0.193583
0.194633
0.197229
0.188248
0.202828
0.159707
0.161492
0.183524
0.243530
0.170745
0.189351
0.213860
0.198912
0.213860
0.128520
0.192349
0.197634
0.188598
0.193163
0.180533
0.188578
0.146122
0.178349
0.190141
0.197179
0.171421
0.182510
0.163177
0.198975
0.133713
0.253175
0.191507
0.222041
0.216136
0.180582
0.193330
0.212986
0.169515
0.135812
0.171599
0.158166
0.209529
0.189989
0.144184
0.159917
0.155533
0.144137
0.207244
0.186994
0.168949
0.190371
0.152733
0.163373
0.170279
0.145600
0.205559
0.213220
