0.255789
0.353866
0.279882
0.257691
0.258180
0.266618
0.246439
0.270486
0.209683
0.217535
0.245009
0.325802
0.229868
0.255405
0.288006
0.270941
0.291513
0.333999
0.260854
0.268053
0.250090
0.262731
0.251515
0.254083
0.375082
0.249810
0.254164
0.267772
0.231220
0.249814
0.218341
0.275373
0.176829
0.343475
0.254860
0.302403
0.292656
0.250566
0.263294
0.289086
0.232775
0.334393
0.227912
0.213397
0.278618
0.259750
0.358104
0.411960
0.401732
0.353866
0.279882
0.242490
0.275081
0.284613
0.236823
0.257796
0.254539
0.214233
0.257713
0.265671
