3692.000000
3906.000000
3672.000000
3678.000000
3689.000000
3681.000000
3676.000000
3678.000000
3688.000000
3672.000000
3678.000000
3671.000000
3678.000000
3681.000000
3694.000000
3675.000000
3694.000000
3906.000000
3686.000000
3719.000000
3701.000000
3686.000000
3678.000000
3712.000000
3894.000000
3695.000000
3692.000000
3687.000000
3681.000000
3682.000000
3677.000000
3709.000000
3687.000000
3701.000000
3697.000000
3684.000000
3706.000000
3677.000000
3688.000000
3681.000000
3687.000000
3873.000000
3683.000000
3686.000000
3694.000000
3716.000000
3877.000000
3877.000000
3877.000000
3906.000000
3672.000000
3583.000000
4528.000000
4071.000000
4354.000000
4352.000000
4199.000000
4011.000000
3454.000000
3419.000000
