0.031476
0.010057
0.036778
0.036193
0.034520
0.033786
0.035256
0.033358
0.032396
0.032649
0.031579
0.034985
0.032943
0.034445
0.036092
0.033729
0.030627
0.007319
0.033480
0.029905
0.031888
0.032472
0.034091
0.031216
0.010547
0.036012
0.033309
0.035727
0.035911
0.045725
0.036390
0.038060
0.030846
0.034091
0.034557
0.034011
0.032152
0.033208
0.033973
0.032080
0.035382
0.011443
0.037865
0.031845
0.029158
0.033848
0.012172
0.013289
0.026649
0.008799
0.036410
0.037640
0.028047
0.034888
0.038818
0.037346
0.031684
0.033749
0.028312
0.026239
