0.023564
0.004096
0.027233
0.027189
0.026023
0.024993
0.026931
0.025014
0.024675
0.024237
0.023654
0.026151
0.024470
0.025537
0.026800
0.024762
0.022469
0.002816
0.024688
0.022049
0.024048
0.023874
0.024470
0.023168
0.004109
0.025710
0.024919
0.026309
0.026623
0.033406
0.027196
0.027501
0.023325
0.025128
0.025967
0.024973
0.023745
0.023933
0.024946
0.023635
0.025766
0.004648
0.028509
0.023603
0.021927
0.024758
0.004901
0.005159
0.010317
0.003584
0.026961
0.029026
0.017226
0.023336
0.025034
0.023667
0.021196
0.022937
0.022583
0.021059
