1.016768
0.731737
0.891436
0.898049
0.957535
0.975751
0.918482
0.929192
0.943631
0.920172
0.901077
0.961220
0.873391
0.845408
0.901164
0.834544
0.985276
0.662150
0.916771
0.864392
0.996916
0.880281
0.997687
0.936143
0.898157
0.867157
0.994541
0.921026
0.949148
0.939639
0.965244
0.945168
0.834723
0.942434
0.914103
0.915136
0.979837
0.921081
0.926342
0.881191
0.953750
0.813909
0.909704
0.971183
1.029345
0.937691
0.846819
0.792247
0.421882
0.796998
0.913780
0.912327
0.918488
0.965272
0.857477
1.017131
1.017355
1.012035
0.872267
1.176433
