2764.000000
1591.000000
2719.000000
2763.000000
2781.000000
2723.000000
2808.000000
2758.000000
2809.000000
2726.000000
2755.000000
2744.000000
2732.000000
2729.000000
2743.000000
2698.000000
2710.000000
1503.000000
2718.000000
2742.000000
2791.000000
2710.000000
2640.000000
2755.000000
1517.000000
2638.000000
2762.000000
2715.000000
2729.000000
2690.000000
2748.000000
2680.000000
2788.000000
2728.000000
2778.000000
2705.000000
2737.000000
2650.000000
2708.000000
2712.000000
2685.000000
1573.000000
2773.000000
2732.000000
2778.000000
2718.000000
1561.000000
1505.000000
1501.000000
1591.000000
2719.000000
2763.000000
2781.000000
2723.000000
2808.000000
2758.000000
2809.000000
2726.000000
2755.000000
2744.000000
