1.016768
0.797092
1.078819
0.901920
0.957535
1.013854
1.013216
0.929192
1.012813
0.920172
0.901077
0.961220
0.920047
0.937090
0.973435
0.954668
0.985276
0.676226
0.916771
0.968922
0.996916
0.958570
0.997687
1.032275
0.898157
1.016608
0.994541
0.921026
1.023996
0.939639
0.965244
0.967123
0.855126
0.942434
1.000899
0.939448
1.016511
1.055035
0.926342
0.922770
0.953750
0.813909
0.994830
0.971646
1.056891
0.963984
1.369764
0.859812
0.685519
0.796998
1.078738
0.912327
0.921060
1.074427
0.953166
1.017131
1.017355
1.012035
1.135283
1.176433
