0.501750
0.239707
0.348123
0.104543
0.312450
0.232840
0.154288
0.152568
0.322060
0.310718
0.320953
0.227415
0.216146
0.242750
0.238396
0.168132
0.361305
0.334135
1.000000
0.223639
0.301745
0.317032
0.366549
0.308902
0.343769
0.273601
0.257015
0.356783
0.217805
0.309455
0.360547
0.000000
0.039234
0.072057
0.103436
0.059091
0.099118
0.053185
0.200005
0.282994
0.048591
0.063204
0.281960
0.270137
0.285713
0.330695
0.298594
0.274539
0.279795
0.382618
0.201015
0.358816
0.098649
0.249618
0.227692
0.241211
0.217589
0.149321
0.215628
0.263390
