0.257930
0.294634
0.077730
0.439722
0.141415
0.461462
0.072449
0.278011
0.115641
0.145078
0.225075
0.503849
0.432612
0.392068
0.366460
0.359309
0.327534
0.200562
0.456768
0.406878
0.160993
0.005849
0.036543
0.183320
0.269453
0.095906
0.109952
0.685878
0.510427
0.178370
0.183381
0.837052
0.401722
0.562428
0.554071
0.835675
0.750025
0.705778
0.503091
0.220628
0.894933
1.000000
0.304614
0.183687
0.140525
0.179632
0.000000
0.037744
0.228055
0.277387
0.387626
0.630374
0.435878
0.445738
0.390159
0.489422
0.476221
0.284860
0.321072
0.367223
