0.456844
0.702977
0.673541
0.521204
0.465824
0.489606
0.565608
0.718277
0.565608
0.718443
1.000000
0.830866
0.719441
0.822385
0.711791
0.297688
0.788625
0.680526
0.529187
0.578580
0.937968
0.719109
0.831365
0.910195
0.377682
0.724929
0.407783
0.598038
0.782804
0.496092
0.716614
0.649260
0.340263
0.268252
0.303675
0.636621
0.597372
0.524863
0.787128
0.761849
0.560619
0.488109
0.793115
0.560951
0.820057
0.377682
0.942125
0.649260
0.633960
0.773158
0.653917
0.790620
0.533344
0.712456
0.597040
0.449360
0.902877
0.788126
0.714618
0.790953
