0.543584
0.267709
0.139922
0.827489
0.140259
0.429667
0.627143
0.267759
0.104273
0.445843
0.287900
0.424154
0.205698
0.563830
0.260071
0.809278
0.456793
0.316735
0.441974
0.141546
0.110007
0.061710
0.005794
0.253005
0.285368
0.330946
0.415943
0.445180
0.902882
0.362671
0.597319
0.609992
0.540458
0.186165
0.371791
0.856042
0.259925
0.224542
0.393259
0.094625
0.466653
0.217994
0.230613
0.816785
0.362691
0.400199
0.078449
0.114575
0.285594
0.338861
0.571996
0.369118
0.792785
0.267925
0.221969
0.157878
0.617007
0.929732
0.871485
0.341092
