0.645768
0.554465
0.299185
0.222684
0.236155
0.714951
0.377515
0.718277
0.753700
0.605355
0.628804
0.491768
0.417429
0.373690
0.299850
0.409613
0.300848
0.755862
0.604524
0.502245
0.562947
0.417263
0.529686
0.494429
0.490604
0.421420
0.333444
0.747547
0.334941
0.192915
0.490770
0.345751
0.114419
0.268252
0.115250
0.000000
0.223682
0.524863
0.450025
0.193248
0.411109
0.263097
0.416265
0.224347
0.409613
0.528189
0.415433
0.231831
0.223183
0.292367
0.196241
0.414768
0.344088
0.487610
0.335606
0.262265
0.188924
0.675703
0.188758
0.264427
