0.751716
0.338210
0.577580
0.831345
0.768277
0.416690
0.915885
0.379770
0.476776
0.565163
0.539062
0.349811
0.558191
1.000000
0.410713
0.805433
0.762476
0.656108
0.001042
0.376468
0.467933
0.582090
0.473674
0.377379
0.568075
0.805066
0.868146
0.425047
0.946224
0.854013
0.742472
0.967472
0.897834
0.505137
0.667140
0.898248
0.320585
0.331167
0.475201
0.533937
0.635322
0.793880
0.591170
0.830303
0.616832
0.383298
0.286884
0.510949
0.487169
0.400367
0.747171
0.390400
0.904190
0.312713
0.352071
0.575734
0.954250
0.967401
0.913435
0.449515
