0.291229
0.182083
0.234004
0.404874
0.219614
0.135398
0.140255
0.361323
0.370476
0.111385
0.159815
0.359577
0.541973
0.118390
0.237227
0.085290
0.252893
0.189938
0.338585
0.226104
0.306582
0.235033
0.326097
0.371036
0.465546
0.365329
0.557483
0.061545
0.455587
0.192377
0.199897
0.211535
0.274489
0.336213
0.256115
0.286530
0.666987
0.206387
0.415684
0.253877
0.448470
0.047378
0.213907
0.215138
0.146566
0.566949
0.372222
0.565875
0.168834
0.198689
0.283128
0.425464
0.320816
0.243941
0.353065
0.000000
0.358056
0.534499
0.157196
0.569814
