0.727892
0.501687
0.446823
0.687282
0.758145
1.000000
0.551780
0.452234
0.469688
0.577438
0.644287
0.811671
0.681289
0.497324
0.650454
0.592041
0.456772
0.721899
0.674715
0.462299
0.571620
0.580929
0.592565
0.485397
0.421573
0.610600
0.809693
0.263556
0.452700
0.784094
0.445951
0.426868
0.512567
0.428206
0.452700
0.939144
0.590412
0.345474
0.729230
0.831627
0.766989
0.792588
0.700663
0.521352
0.796428
0.319642
0.520363
0.419421
0.793810
0.580172
0.476553
0.282639
0.549802
0.799046
0.517919
0.438911
0.206132
0.379044
0.342041
0.212590
