0.848805
0.872436
0.725100
0.319118
0.686460
0.646766
0.711831
0.793732
0.732554
0.747120
0.928870
0.309506
0.171999
0.806246
0.842650
0.814074
0.673043
1.000000
0.903948
0.639853
0.908010
0.852045
0.442506
0.729638
0.259208
0.437917
0.571566
0.481463
0.485182
0.903106
0.482531
0.601548
0.521832
0.522749
0.400925
0.684829
0.360613
0.854528
0.510728
0.992746
0.944486
0.869707
0.904425
0.884708
0.962010
0.309403
0.539185
0.465264
0.959676
0.360311
0.488569
0.497038
0.810458
0.742907
0.506262
0.682607
0.686190
0.397847
0.880161
0.423341
