0.465643
0.648123
0.576101
0.579899
0.508173
0.196447
0.116288
0.542825
0.113571
0.363279
0.152843
0.361802
0.369982
0.502162
0.066847
0.436389
0.000000
0.435200
0.456714
0.077182
0.119157
0.656930
0.309312
0.298559
0.080389
0.374357
0.517103
0.207986
0.167654
0.127596
0.320043
0.231784
0.432497
0.457751
0.184786
0.503049
0.461506
0.491135
0.283279
0.476987
0.351056
0.215827
0.277074
0.221838
0.338559
0.145023
0.415510
0.858429
0.507207
0.314148
0.261369
0.321348
0.459099
0.177679
0.394746
0.295755
0.162998
0.445312
0.239186
0.227993
