0.038207
0.059093
0.113602
0.116149
0.183393
0.139073
0.297504
0.200204
0.080998
0.058584
0.182883
0.170148
0.147733
0.263372
0.115639
0.328579
0.191544
0.182374
0.000000
0.122262
0.218543
0.092715
0.145186
0.146714
0.235863
0.075904
0.013245
0.285278
0.193072
0.192562
0.124300
0.112073
0.084564
0.062150
0.246052
0.088640
0.072338
0.514009
0.190525
0.086602
0.176770
0.193581
0.128884
0.400408
0.152318
0.168619
0.343861
0.222109
0.165053
0.232298
0.073867
0.465614
0.264391
1.000000
0.269995
0.765665
0.281202
0.574121
0.429445
0.311258
