0.669398
0.516133
0.536047
0.512982
0.389841
0.359970
0.887572
0.430930
0.260272
0.718427
0.291908
0.071465
0.482480
0.392236
0.473532
0.898412
0.557222
0.461306
0.126040
0.388581
0.000000
0.299597
0.391228
0.599571
0.267835
0.355936
0.316234
0.568188
0.458155
0.587220
0.448324
0.334006
0.441518
0.316738
0.451223
0.341694
0.182380
0.722838
0.278800
0.391354
0.244517
0.240232
0.354550
0.331359
0.316486
0.330981
0.622133
0.352155
0.484875
0.518906
0.533148
0.654273
0.422359
1.000000
0.514873
0.611041
0.205445
0.430678
0.564784
0.131460
