0.379632
0.495337
0.609024
0.366902
0.370305
0.299093
0.520544
0.370809
0.275901
0.438493
0.354802
0.027981
0.858583
0.526216
0.662717
0.828838
0.616461
0.580413
0.258130
0.596420
0.049282
0.149105
0.290774
0.501765
0.225863
0.588102
0.251449
0.700781
0.833753
0.557978
0.601084
0.482985
0.627174
0.762541
0.476557
0.377615
0.354424
0.895639
0.518780
0.404840
0.434459
0.146836
0.299471
0.281321
0.212251
0.448828
0.373078
0.624653
0.245652
0.622007
0.566927
0.770986
0.472145
0.205823
0.570078
0.265692
0.272372
0.625662
0.269221
0.230779
