0.530259
0.552644
0.380675
0.146857
0.376458
0.305785
0.380243
0.468261
0.427079
0.413768
0.615687
0.132280
0.000000
0.476964
0.535405
0.537030
0.354140
0.668903
0.525528
0.404440
0.596243
0.541228
0.308489
0.366386
0.131048
0.215015
0.344648
0.286915
0.346250
0.614014
0.240949
0.416296
0.349409
0.363024
0.238437
0.292875
0.258475
0.599557
0.380653
0.656454
0.551623
0.570861
0.571739
0.554838
0.616375
0.119878
0.357596
0.320138
0.621427
0.172303
0.327186
0.339223
0.523959
0.411736
0.337503
0.423862
0.452776
0.238111
0.531990
0.209449
