0.085155
0.330998
0.178703
0.924378
0.127028
0.284963
0.351879
0.241703
0.513506
0.465546
0.329857
0.696014
0.868093
0.697402
0.461025
0.165163
0.426695
0.401182
0.392565
0.885930
0.319585
0.511179
0.858962
0.583287
1.000000
0.922454
0.718685
0.733836
0.841215
0.336772
0.700736
0.588345
0.708413
0.821565
0.575252
0.642840
0.826444
0.497393
0.761431
0.426538
0.568494
0.265851
0.361055
0.348029
0.372222
0.861961
0.704071
0.779021
0.248305
0.635902
0.532372
0.906474
0.215250
0.337063
0.551574
0.483114
0.687555
0.626995
0.288768
0.810017
