0.602804
0.717881
0.642876
0.685564
0.695596
0.612418
0.670032
0.354515
0.201514
0.512418
0.713074
0.916533
0.453124
0.610573
0.147402
0.685067
0.254018
0.171575
0.552346
0.346047
0.647121
0.504483
0.416562
0.285744
0.385888
0.693802
0.352714
0.503604
0.338948
0.364310
0.426155
0.487481
0.648461
0.683524
0.334667
0.688418
0.324555
0.410198
0.672973
0.605305
0.681780
0.602789
0.591553
0.799611
0.684814
0.283207
0.368483
1.000000
0.903820
0.415351
0.290941
0.536490
0.620577
0.567611
0.556706
0.627942
0.269110
0.606984
0.366299
0.442876
