0.513614
0.220095
0.339016
0.331918
0.414242
0.222364
0.414242
0.348615
0.402083
0.435769
0.270247
0.986619
0.398650
0.252269
0.205550
0.211310
0.178729
0.309984
0.183442
0.427275
0.334885
0.204910
0.800384
0.243949
0.386840
0.575285
0.774727
0.532465
0.314405
0.204038
0.617291
0.426868
0.580929
0.568362
0.590994
0.547242
0.521352
0.586165
0.729230
0.451769
0.281592
0.579590
0.109495
0.072202
0.278799
0.424191
0.278799
0.592565
0.139690
0.509134
0.510647
0.456307
0.206714
0.107226
0.552304
0.642599
0.445951
0.516465
0.000000
0.247266
