0.016811
0.154865
0.130413
0.177280
0.180336
0.170148
0.129394
0.151808
0.072338
0.029037
0.211411
0.290881
0.251656
0.185430
0.170657
0.382578
0.136016
0.175242
0.029037
0.058074
0.193581
0.075395
0.183393
0.121243
0.322975
0.068263
0.079470
0.242486
0.112583
0.174223
0.130922
0.052471
0.063169
0.055527
0.066225
0.071319
0.031075
0.515028
0.145695
0.060112
0.081508
0.208355
0.099338
0.301579
0.107998
0.179827
0.258278
0.181864
0.069282
0.164544
0.065206
0.343352
0.073357
0.773306
0.322975
0.656648
0.287315
0.600102
0.188487
0.519103
