0.013365
0.013259
0.013251
0.013256
0.013403
0.013307
0.013260
0.013368
0.013231
0.013291
0.013086
0.013283
0.013311
0.013224
0.013375
0.013298
0.013226
0.013257
0.013195
0.013413
0.013362
0.013283
0.013362
0.013288
0.013274
0.013273
0.013223
0.013210
0.013173
0.013379
0.013269
0.013363
0.013262
0.013270
0.013333
0.013293
0.013241
0.013297
0.013276
0.013339
0.013231
0.013164
0.013320
0.013256
0.013227
0.013337
0.013312
0.013318
0.013277
0.013267
0.013380
0.013269
0.013263
0.013292
0.013187
0.013249
0.013287
0.013258
0.013358
0.013301
