0.002917
112888697069764608.000000
0.002537
0.005007
0.004495
20997654708224.000000
87363294112776192.000000
307715.593750
4862996585119744.000000
0.002734
0.003465
0.003473
142112109818281984.000000
0.004111
0.003473
3354862305673216.000000
0.005717
0.004729
0.003394
0.004219
45583297413120.000000
0.003505
0.003007
17793789460480.000000
0.005158
0.004445
0.004322
0.002431
0.005493
0.003405
0.004988
133702761421209600.000000
0.003451
0.002220
3512510185472.000000
0.005211
0.005216
0.004178
0.003022
0.003465
0.003222
0.003052
0.003999
0.005786
0.005083
163347018285056.000000
0.002989
0.003309
0.005259
