0.035099
0.093186
0.041879
0.043521
0.017258
0.092978
0.014928
0.102780
0.022350
0.048104
0.019972
0.074415
0.040743
0.014475
0.042399
0.025003
0.015543
0.034885
0.120829
0.090780
0.071135
0.059483
0.074468
0.113423
0.036552
0.014867
0.028829
0.032770
0.020362
0.014824
0.039328
0.046852
0.095755
0.032100
0.048075
0.084455
0.050010
0.015321
0.013898
0.015408
0.050118
0.017233
0.023166
0.073313
0.127832
0.078382
0.036365
0.101588
0.016181
0.078515
0.013580
0.131919
0.153364
0.028370
0.030145
0.011121
0.027462
0.130944
