0.004397
0.006944
0.004040
0.007642
0.004526
0.006825
0.005327
0.007348
0.005365
0.004870
0.005175
0.007095
0.005298
0.005221
0.007295
0.005921
0.005315
0.004407
0.008129
0.007493
0.005123
0.004804
0.006438
0.006827
0.004849
0.005124
0.004787
0.004773
0.006819
0.005355
0.004685
0.006319
0.004927
0.006435
0.004032
0.007373
0.005612
0.007491
0.007435
0.005191
0.005279
0.003999
0.005875
0.005638
0.004033
0.008097
0.008020
0.006032
0.004485
0.005161
0.004757
0.004615
0.006857
0.008914
0.007804
0.005363
0.004466
0.005278
0.005191
0.007503
