0.035965
0.039113
0.033693
0.037333
0.032981
0.038312
0.038027
0.039838
0.033766
0.035410
0.036591
0.040397
0.035675
0.031759
0.039998
0.031054
0.032335
0.031662
0.033475
0.040849
0.035510
0.032145
0.037985
0.039981
0.036638
0.034538
0.032830
0.037967
0.034698
0.034941
0.034955
0.036845
0.032964
0.039127
0.031633
0.034256
0.037115
0.038789
0.041264
0.037261
0.034938
0.034775
0.034533
0.033120
0.033618
0.040166
0.039086
0.037692
0.035805
0.037329
0.034669
0.039739
0.035752
0.041126
0.039965
0.037274
0.037029
0.033147
0.032735
0.039474
