0.044517
0.038367
0.043152
0.051112
0.044555
0.038830
0.049819
0.037382
0.041393
0.040700
0.041851
0.039212
0.038889
0.046519
0.038889
0.049912
0.047472
0.041448
0.041254
0.038388
0.042549
0.040162
0.040032
0.038972
0.043490
0.050731
0.043813
0.051175
0.053968
0.048337
0.050146
0.052045
0.044114
0.038749
0.041160
0.050314
0.047413
0.040480
0.036644
0.041107
0.043307
0.039640
0.039497
0.049699
0.040099
0.040436
0.040794
0.042561
0.040174
0.047151
0.050501
0.050407
0.053660
0.038946
0.041211
0.039713
0.042774
0.044495
0.048895
0.043073
