0.005684
0.005135
0.003600
0.003140
0.003221
0.006100
0.004071
0.006120
0.006333
0.005441
0.005582
0.004758
0.004311
0.004048
0.003604
0.004264
0.003610
0.006346
0.005436
0.004821
0.005186
0.004310
0.004986
0.004774
0.004751
0.004335
0.003806
0.006296
0.003815
0.002961
0.004752
0.003880
0.002489
0.003414
0.002494
0.001801
0.003146
0.004957
0.004507
0.002963
0.004273
0.003383
0.004304
0.003150
0.004264
0.004977
0.004299
0.003195
0.003143
0.003559
0.002981
0.004295
0.003870
0.004733
0.003819
0.003378
0.002937
0.005864
0.002936
0.003391
