0.005216
0.004486
0.003388
0.003026
0.002972
0.005236
0.003905
0.005281
0.005739
0.004972
0.005167
0.004071
0.003851
0.003882
0.003116
0.004111
0.003395
0.005942
0.005236
0.004076
0.004643
0.003949
0.004365
0.004093
0.004327
0.004073
0.003657
0.005473
0.003690
0.002786
0.004459
0.003677
0.002381
0.002930
0.002290
0.001733
0.002725
0.004289
0.003897
0.002616
0.004068
0.003161
0.003867
0.003042
0.003998
0.004288
0.003711
0.002857
0.002875
0.003119
0.002791
0.003689
0.003696
0.004069
0.003316
0.003100
0.002791
0.005644
0.002821
0.002944
