2328.367676
1445.208740
1419.578369
1115.129272
4301.681152
1613.303467
2497.613037
1839.668823
1973.049561
1859.467163
2540.012939
2194.572754
1312.638306
2874.731689
1587.600952
1224.768433
1846.933350
1881.910522
1959.937744
2161.328857
1215.878906
1112.648682
1242.218872
1506.155518
2289.090088
1442.182495
2515.458252
2387.218262
3812.213135
2269.244141
1576.769043
946.940796
2569.384521
1463.201538
2022.696045
1286.443481
2468.263428
2326.559570
2012.750366
1831.501099
2276.210449
1767.436523
2359.453857
2877.564941
1884.105225
2289.954102
1554.701050
2120.604248
2088.213867
1364.537354
2083.333740
2116.897705
2611.080566
2525.960938
1736.642212
1705.664551
2410.625244
2703.115723
681.286682
1187.056396
