2328.367676
2058.331787
1419.578369
3406.801270
4301.681152
1763.279053
3173.891846
1839.668823
2325.008789
1859.467163
2540.012939
2194.572754
1926.152954
2874.731689
1587.600952
3530.954834
1846.933350
1887.395630
1959.937744
2161.328857
1966.269531
4537.205566
1283.942627
1858.740723
2289.090088
1442.182495
2515.458252
2576.530762
3812.213135
2269.244141
2408.347412
2473.646484
2569.384521
2695.429688
2022.696045
1286.443481
2468.263428
2326.559570
2012.750366
2020.827637
3638.394043
2083.497803
2359.453857
3557.676270
1962.029419
2306.623779
1977.487305
2120.604248
2088.213867
3266.584229
3034.562988
3086.200684
2872.690186
2525.960938
1736.642212
1705.664551
2436.066162
2720.359863
1913.748169
1808.726318
