0.369031
0.314133
0.288704
0.425527
0.288771
0.346362
0.385659
0.314143
0.281610
0.349581
0.318151
0.345265
0.301793
0.373060
0.312613
0.421903
0.351760
0.323889
0.348811
0.289027
0.282751
0.273140
0.262013
0.311207
0.317647
0.326717
0.343631
0.349449
0.440530
0.333030
0.379724
0.382246
0.368409
0.297906
0.334845
0.431209
0.312584
0.305543
0.339117
0.279690
0.353722
0.304240
0.306751
0.423397
0.333034
0.340498
0.276471
0.283660
0.317692
0.328292
0.374685
0.334313
0.418621
0.314176
0.305031
0.292277
0.383642
0.445873
0.434282
0.328736
