0.338619
0.274430
0.271649
0.409985
0.266398
0.297266
0.369848
0.271074
0.255175
0.319453
0.294543
0.295406
0.269558
0.357774
0.270355
0.406750
0.330787
0.303268
0.335951
0.244371
0.253129
0.250260
0.229365
0.266810
0.289306
0.306967
0.330179
0.303753
0.426091
0.313330
0.356263
0.362319
0.352381
0.255714
0.307516
0.414951
0.270781
0.264379
0.293258
0.246881
0.336759
0.284299
0.275539
0.408953
0.312290
0.293315
0.238672
0.253673
0.290554
0.287719
0.350794
0.287184
0.399870
0.270103
0.264872
0.268237
0.364612
0.429130
0.417227
0.285378
