4793.000000
5127.000000
4723.000000
4627.000000
4711.000000
5157.000000
4610.000000
5113.000000
4879.000000
4827.000000
4838.000000
5159.000000
4934.000000
4637.000000
5134.000000
4622.000000
4713.000000
4712.000000
4584.000000
5152.000000
4954.000000
4811.000000
5040.000000
5131.000000
4853.000000
4665.000000
4649.000000
5116.000000
4607.000000
4666.000000
4710.000000
4623.000000
4620.000000
5119.000000
4803.000000
4615.000000
5137.000000
5129.000000
5132.000000
4970.000000
4671.000000
4745.000000
4914.000000
4602.000000
4752.000000
5131.000000
5120.000000
4900.000000
4870.000000
5130.000000
4658.000000
5150.000000
4599.000000
5161.000000
5127.000000
4839.000000
4657.000000
4607.000000
4609.000000
5095.000000
