0.514750
0.512228
0.478667
0.406140
0.474757
0.563720
0.413910
0.475639
0.444802
0.475444
0.581779
0.523255
0.490230
0.382001
0.478078
0.466550
0.592827
0.464731
0.501915
0.590096
0.565267
0.545481
0.454145
0.571150
0.419155
0.462896
0.431676
0.508438
0.437704
0.469438
0.582743
0.413843
0.566211
0.521600
0.363038
0.470519
0.585130
0.521568
0.450288
0.449570
0.359780
0.443957
0.536388
0.441752
0.380860
0.598023
0.494439
0.435291
0.450083
0.428482
0.411674
0.525973
0.398033
0.509536
0.494300
0.409398
0.433931
0.398440
0.440190
0.447453
