0.116871
0.081938
0.102160
0.123598
0.118270
0.088568
0.130740
0.085449
0.093644
0.101111
0.098906
0.082918
0.100522
0.137846
0.088063
0.121409
0.117780
0.108794
0.053454
0.085170
0.092897
0.102541
0.093382
0.085247
0.101357
0.121378
0.126707
0.089274
0.133303
0.125513
0.116090
0.135098
0.129215
0.096040
0.109726
0.129250
0.080449
0.081343
0.093511
0.098473
0.107038
0.120433
0.103308
0.123510
0.105476
0.085747
0.077602
0.096531
0.094522
0.087189
0.116487
0.086347
0.129752
0.079784
0.083109
0.102004
0.133981
0.135092
0.130533
0.091341
