0.107240
0.071582
0.096125
0.119084
0.109106
0.076013
0.125380
0.073734
0.084853
0.092397
0.091567
0.070944
0.089785
0.132198
0.076159
0.117049
0.110757
0.101868
0.051483
0.072011
0.083165
0.093951
0.081746
0.073085
0.092314
0.114041
0.121747
0.077600
0.128934
0.118088
0.108917
0.128055
0.123593
0.082438
0.100770
0.124377
0.069690
0.070384
0.080865
0.086922
0.101905
0.112540
0.092796
0.119296
0.098906
0.073865
0.066992
0.086327
0.086448
0.076413
0.109060
0.074175
0.123940
0.068591
0.072167
0.093614
0.127335
0.130020
0.125407
0.079293
