0.652084
0.574978
0.715740
0.406140
0.656482
0.760754
0.413910
0.736832
0.707888
0.726626
0.700209
0.665955
0.753671
0.382001
0.687033
0.466550
0.682016
0.464731
0.625588
0.609549
0.704230
0.702538
0.740775
0.628115
0.668003
0.525389
0.859361
0.589953
0.437704
0.709882
0.687619
0.413843
0.566211
0.596202
0.700635
0.470519
0.662408
0.648521
0.652070
0.677691
0.693757
0.641103
0.695196
0.441752
0.442261
0.639258
0.642801
0.677724
0.678337
0.629089
0.657583
0.597511
0.398033
0.587654
0.651322
0.506852
0.531430
0.398440
0.440190
0.629270
