0.010654
0.010686
0.010665
0.010657
0.010692
0.010634
0.010654
0.010648
0.010625
0.010731
0.010639
0.010772
0.010655
0.010690
0.010659
0.010660
0.010698
0.010631
0.010654
0.010649
0.010621
0.010726
0.010652
0.010773
0.010669
0.010618
0.010661
0.010667
0.010733
0.010733
0.010666
0.010779
0.010734
0.010683
0.010691
0.010713
0.010696
0.010693
0.010698
0.010742
0.010660
0.010712
0.010782
0.010723
0.010644
0.010628
0.010664
0.010660
0.010652
0.010725
0.010729
0.010708
0.010667
0.010720
0.010726
0.010711
0.010694
0.010652
0.010638
0.010748
