0.030917
0.023790
0.022242
0.024710
0.021733
0.032891
0.023255
0.041067
0.032824
0.022685
0.022785
0.024703
0.019859
0.030917
0.023790
0.022242
0.024710
0.021733
0.032891
0.023255
0.041067
0.032824
0.022685
0.022785
0.024703
0.022388
0.022848
0.023874
0.023466
0.022799
0.026311
0.024483
0.021276
0.023833
0.021234
0.021990
0.025756
0.031944
0.022605
0.020887
0.026868
0.024826
0.030253
0.022701
0.032511
0.027138
0.022475
0.024693
0.022408
0.021338
0.026971
0.023453
0.031381
0.024806
0.029664
0.029488
0.029343
0.024273
0.022796
0.028441
