0.266587
75435860694138880.000000
770941059596288.000000
105415769587712.000000
89797512.000000
5638317102071808.000000
235122576.000000
6123381581676544.000000
351629509394432.000000
6546045555179520.000000
6153370117079040.000000
6150767903768576.000000
257109296.000000
5907256142987264.000000
74494575661547520.000000
6135737128845312.000000
6129035369250816.000000
106289376002048.000000
59700573695377408.000000
51080826191872.000000
59811023074361344.000000
235220976.000000
5971328465108992.000000
255272592.000000
247693440.000000
