0.002820
0.002402
0.002454
0.002536
0.002413
0.002557
0.002485
0.002848
0.002523
0.002470
0.002525
0.002724
0.002774
0.002820
0.002402
0.002454
0.002536
0.002413
0.002557
0.002485
0.002848
0.002523
0.002470
0.002525
0.002724
0.002340
0.002482
0.002399
0.002428
0.002565
0.002832
0.002618
0.002454
0.002435
0.002436
0.002458
0.002716
0.002855
0.002519
0.002448
0.002461
0.002560
0.002655
0.002583
0.002821
0.002661
0.002465
0.002525
0.002456
0.002384
0.002441
0.002339
0.003138
0.002427
0.002530
0.002469
0.002313
0.002175
0.002297
0.002397
