0.052583
0.090285
0.066665
0.080540
0.070589
0.065121
0.089527
0.068250
0.064664
0.075421
0.074991
0.070414
0.062236
0.052726
0.090636
0.066916
0.080532
0.070650
0.065292
0.089677
0.068081
0.064860
0.075408
0.075284
0.071071
0.066161
0.071561
0.063430
0.076335
0.072291
0.081044
0.080121
0.095560
0.092388
0.088894
0.109344
0.092160
0.089380
0.106641
0.077796
0.113225
0.097212
0.084280
0.081383
0.080034
0.081082
0.112354
0.105072
0.093516
0.095405
0.076825
0.085939
0.089268
0.072409
0.082583
0.088532
0.081367
0.083975
0.086908
0.085896
