0.004630
0.004192
0.004232
0.004338
0.004229
0.004413
0.004317
0.004554
0.004361
0.004251
0.004105
0.004341
0.004566
0.004630
0.004192
0.004232
0.004338
0.004229
0.004413
0.004317
0.004554
0.004361
0.004251
0.004105
0.004341
0.004076
0.004309
0.004241
0.004214
0.004324
0.004960
0.004285
0.004156
0.004310
0.004136
0.004257
0.004547
0.004597
0.004233
0.004180
0.004147
0.004249
0.004508
0.004227
0.004692
0.004405
0.004166
0.004406
0.004235
0.004217
0.003973
0.004135
0.005074
0.004070
0.004261
0.004082
0.003983
0.003840
0.003996
0.003985
