2363.295898
2000.109985
2219.105713
1745.821655
1238.609375
2255.922363
2946.296631
2156.415771
2103.192627
2118.470947
2148.173340
1893.143066
2364.810303
2014.020386
2244.405518
1753.542725
1278.489258
2241.535400
2946.296631
2169.549316
2104.578369
2142.399658
2124.428223
1892.685425
2214.702393
2273.813721
1679.947632
2246.239014
2173.628418
2661.667725
2640.370850
1932.985962
2234.421631
2463.468262
1311.557739
1379.224854
1757.195557
2000.383057
2476.758789
1421.995605
1380.707275
1745.974609
1659.726562
2435.031494
2229.487061
1847.769409
2674.627686
2351.377930
3202.851074
2660.885498
1633.055420
1929.164673
1340.087158
2356.905518
2421.650391
1815.770020
1353.023438
1533.361206
2000.926880
1710.235229
