0.007364
0.009934
0.007560
0.008409
0.008963
0.009265
0.010420
0.010785
0.008197
0.007595
0.008550
0.007631
0.007197
0.009766
0.007560
0.007904
0.008963
0.009097
0.010756
0.010785
0.008531
0.007595
0.008885
0.007801
0.011771
0.011723
0.008861
0.009256
0.006772
0.007950
0.008713
0.009017
0.009351
0.008770
0.006717
0.007238
0.008079
0.008062
0.008772
0.009115
0.009417
0.007930
0.008691
0.008989
0.008893
0.008872
0.007110
0.009572
0.008533
0.011117
0.009159
0.007308
0.009376
0.008277
0.008273
0.009327
0.009201
0.007268
0.009236
0.010041
