0.007742
0.010387
0.007925
0.008803
0.009324
0.009675
0.010898
0.011250
0.008615
0.007907
0.008955
0.007899
0.007566
0.010211
0.007925
0.008275
0.009324
0.009499
0.011250
0.011250
0.008966
0.007907
0.009306
0.008074
0.012294
0.012279
0.009303
0.009664
0.007029
0.008251
0.009147
0.009311
0.009666
0.009144
0.007016
0.007548
0.008424
0.008423
0.009131
0.009477
0.009835
0.008269
0.008968
0.009321
0.009308
0.009316
0.007388
0.010033
0.008966
0.011591
0.009484
0.007548
0.009842
0.008621
0.008615
0.009654
0.009475
0.007545
0.009658
0.010362
