2352.336426
2000.109985
1439.723877
1297.459839
1134.116577
2255.922363
1964.389160
1488.610840
1504.949951
1268.464355
1641.462769
1262.823975
2364.810303
1122.880005
1445.821777
1177.835205
1131.018433
1331.027222
1109.385254
1492.911377
1487.849976
1523.736450
1621.247437
1892.685425
1504.835571
1492.984741
1167.209961
2246.239014
2173.628418
1256.956055
1371.069946
1491.250488
1385.203125
1217.632080
1311.557739
1379.224854
1757.195557
1130.765381
1265.688965
1289.964600
1380.707275
1474.364990
1659.726562
2045.755737
1240.642334
960.837769
2674.627686
2351.377930
1676.690430
1453.864380
1604.871094
1929.164673
1340.087158
1378.337158
1390.224365
1815.770020
1138.157471
1533.361206
1386.292236
1399.371460
