5683.000000
5680.000000
5678.000000
5680.000000
5684.000000
5685.000000
5689.000000
5689.000000
5688.000000
5691.000000
5695.000000
5697.000000
5694.000000
5683.000000
5680.000000
5678.000000
5680.000000
5684.000000
5685.000000
5689.000000
5689.000000
5688.000000
5691.000000
5695.000000
5697.000000
5694.000000
5701.000000
5697.000000
5691.000000
5691.000000
5696.000000
5685.000000
5692.000000
5690.000000
5687.000000
5701.000000
5697.000000
5698.000000
5699.000000
5695.000000
5698.000000
5694.000000
5684.000000
5687.000000
5686.000000
5694.000000
5689.000000
5685.000000
5681.000000
5688.000000
5694.000000
5694.000000
5697.000000
5690.000000
5684.000000
5688.000000
5697.000000
5699.000000
5699.000000
5695.000000
5694.000000
