0.372887
0.357299
0.362567
0.374874
0.355657
0.374326
0.357815
0.357937
0.376380
0.369789
0.351886
0.366797
0.348411
0.372887
0.357299
0.362567
0.374874
0.355657
0.374326
0.357815
0.357937
0.376380
0.369789
0.351886
0.366797
0.348411
0.368950
0.368500
0.363682
0.375656
0.385995
0.381535
0.362708
0.368922
0.347613
0.382704
0.375694
0.378724
0.391837
0.379892
0.348920
0.363545
0.367471
0.387526
0.373304
0.383389
0.359893
0.356188
0.353484
0.353689
0.370894
0.372965
0.362339
0.380378
0.379899
0.363498
0.374767
0.370250
0.363421
0.353317
0.352451
