0.392046
0.373592
0.380063
0.392430
0.369986
0.390853
0.374231
0.373352
0.395570
0.384994
0.368569
0.379674
0.363892
0.392046
0.373592
0.380063
0.392430
0.369986
0.390853
0.374231
0.373352
0.395570
0.384994
0.368569
0.379674
0.363892
0.386423
0.386870
0.379722
0.389914
0.400632
0.400528
0.374561
0.381371
0.362405
0.399754
0.391785
0.394875
0.409370
0.395435
0.362759
0.379698
0.383181
0.399859
0.387091
0.401300
0.377922
0.370097
0.370533
0.371660
0.386723
0.386196
0.374232
0.399297
0.395672
0.378516
0.387923
0.381295
0.377259
0.369447
0.363716
