0.064579
0.067430
0.063579
0.067606
0.062280
0.064556
0.066444
0.067850
0.064170
0.068178
0.067428
0.067404
0.064579
0.069366
0.062698
0.067254
0.062280
0.064028
0.064862
0.068026
0.063115
0.068705
0.068657
0.067053
0.069196
0.065778
0.069335
0.069408
0.065718
0.067416
0.060158
0.064652
0.067135
0.069281
0.065953
0.065122
0.064233
0.068784
0.065145
0.064058
0.061468
0.064391
0.067522
0.063489
0.065683
0.060819
0.068074
0.063017
0.066280
0.062522
0.064278
0.067404
0.062917
0.068790
0.066983
0.068457
0.065099
0.066854
0.066023
0.062873
