0.530026
0.546017
0.482599
0.476188
0.515890
0.522261
0.496655
0.539199
0.469792
0.486024
0.509286
0.512382
0.529800
0.546969
0.482197
0.477119
0.560811
0.522778
0.527883
0.538415
0.469911
0.494226
0.509871
0.512317
0.470861
0.510730
0.529153
0.485261
0.471561
0.485175
0.494836
0.514312
0.487744
0.501093
0.511002
0.514274
0.514074
0.477698
0.563568
0.527503
0.517099
0.523654
0.490406
0.516261
0.547420
0.474416
0.478060
0.506198
0.535788
0.545933
0.536555
0.504251
0.555801
0.485969
0.521861
0.536061
0.481107
0.476071
0.467301
0.570076
