0.061423
0.064489
0.060652
0.064581
0.059868
0.061826
0.063529
0.065049
0.061057
0.065485
0.064376
0.065118
0.061423
0.066341
0.059812
0.064245
0.059868
0.061321
0.062017
0.065217
0.060054
0.065992
0.065549
0.064779
0.066252
0.062804
0.066042
0.066476
0.063315
0.064953
0.057306
0.062606
0.064944
0.066453
0.063140
0.062447
0.061606
0.065838
0.062584
0.061614
0.058853
0.061751
0.065440
0.061228
0.062752
0.057918
0.065515
0.060118
0.063075
0.059963
0.062076
0.065262
0.059936
0.066047
0.064326
0.066135
0.063213
0.064402
0.063140
0.060926
