5975.000000
5939.000000
5952.000000
5946.000000
5913.000000
5936.000000
5950.000000
5934.000000
5978.000000
5925.000000
5965.000000
5897.000000
5975.000000
5939.000000
5952.000000
5946.000000
5913.000000
5936.000000
5950.000000
5934.000000
5978.000000
5925.000000
5965.000000
5897.000000
5947.000000
5971.000000
5981.000000
5942.000000
5907.000000
5912.000000
5968.000000
5878.000000
5882.000000
5929.000000
5955.000000
5941.000000
5941.000000
5954.000000
5928.000000
5924.000000
5947.000000
5927.000000
5868.000000
5896.000000
5960.000000
5974.000000
5907.000000
5955.000000
5977.000000
5937.000000
5896.000000
5884.000000
5973.000000
5920.000000
5923.000000
5897.000000
5869.000000
5916.000000
5955.000000
5876.000000
