0.503759
0.284211
0.304261
0.357393
0.302757
0.394987
0.346867
0.465664
0.368922
0.313784
0.240602
0.358897
0.471679
0.503759
0.284211
0.304261
0.357393
0.302757
0.394987
0.346867
0.465664
0.368922
0.313784
0.240602
0.358897
0.226065
0.342857
0.308772
0.295238
0.350376
0.669173
0.330827
0.266165
0.343358
0.256140
0.316792
0.462155
0.487218
0.304762
0.278195
0.261654
0.312782
0.442607
0.301754
0.534837
0.390977
0.271178
0.391479
0.305764
0.296742
0.174436
0.255639
0.726316
0.223058
0.318797
0.229073
0.179449
0.107769
0.185965
0.180451
