0.406128
0.173259
0.202228
0.247911
0.179387
0.259610
0.219499
0.421727
0.240669
0.211142
0.241783
0.352646
0.380501
0.406128
0.173259
0.202228
0.247911
0.179387
0.259610
0.219499
0.421727
0.240669
0.211142
0.241783
0.352646
0.138719
0.217827
0.171588
0.187744
0.264067
0.412813
0.293593
0.202228
0.191643
0.192201
0.204457
0.348189
0.425627
0.238440
0.198886
0.206128
0.261281
0.314206
0.274095
0.406685
0.317549
0.208357
0.241783
0.203343
0.163231
0.194986
0.138162
0.583287
0.187187
0.244568
0.210585
0.123677
0.046797
0.114763
0.170474
