0.402220
0.169660
0.248254
0.431864
0.145163
0.423689
0.177359
0.179179
0.454333
0.356000
0.088903
0.311362
0.037059
0.402220
0.169660
0.248254
0.431864
0.145163
0.423689
0.177359
0.179179
0.454333
0.356000
0.088903
0.311362
0.037059
0.343483
0.336770
0.264889
0.443531
0.597780
0.531241
0.250358
0.343066
0.025154
0.548681
0.444098
0.489303
0.684938
0.506729
0.044653
0.262845
0.321418
0.620621
0.408441
0.558901
0.208361
0.153085
0.112744
0.115802
0.372486
0.403384
0.244853
0.513979
0.506833
0.262144
0.430268
0.362878
0.260995
0.110252
0.097332
