0.332498
0.365477
0.324205
0.366466
0.315772
0.336833
0.355151
0.371500
0.328561
0.376190
0.364261
0.372242
0.332498
0.385397
0.315170
0.362852
0.315772
0.331401
0.338887
0.373307
0.317773
0.381643
0.376878
0.368596
0.384440
0.347352
0.382181
0.386849
0.352849
0.370468
0.288214
0.345223
0.370371
0.386602
0.350966
0.343512
0.334466
0.379987
0.344986
0.334552
0.304854
0.336026
0.375706
0.330400
0.346793
0.294797
0.376513
0.318461
0.350267
0.316794
0.339522
0.373791
0.316503
0.382235
0.363723
0.383181
0.351752
0.364541
0.350966
0.327152
