0.538259
0.214039
0.143618
0.255891
0.120462
0.628059
0.189701
1.000000
0.625011
0.163770
0.168320
0.255573
0.035211
0.538259
0.214039
0.143618
0.255891
0.120462
0.628059
0.189701
1.000000
0.625011
0.163770
0.168320
0.255573
0.150259
0.171186
0.217860
0.199299
0.168956
0.328724
0.245565
0.099672
0.215995
0.097762
0.132154
0.303476
0.584979
0.160131
0.081976
0.354062
0.261168
0.508052
0.164498
0.610772
0.366345
0.154217
0.255118
0.151169
0.102493
0.358748
0.198708
0.559367
0.260258
0.481257
0.473251
0.466655
0.236011
0.168820
0.425621
