0.033423
0.166185
0.043548
0.087406
0.116024
0.131625
0.191290
0.210146
0.076454
0.045356
0.094690
0.047216
0.024796
0.157506
0.043548
0.061318
0.116024
0.122947
0.208648
0.210146
0.093708
0.045356
0.111995
0.055998
0.261081
0.258601
0.110755
0.131160
0.002841
0.063695
0.103110
0.118814
0.136068
0.106054
0.000000
0.026914
0.070359
0.069480
0.106158
0.123876
0.139477
0.062661
0.101973
0.117367
0.112408
0.111323
0.020302
0.147484
0.093811
0.227296
0.126149
0.030530
0.137359
0.080587
0.080380
0.134828
0.128319
0.028464
0.130127
0.171712
