0.000000
0.419896
0.156834
0.311363
0.200537
0.139638
0.411454
0.174487
0.134549
0.254352
0.249563
0.198588
0.107508
0.001593
0.423805
0.159630
0.311274
0.201216
0.141543
0.413124
0.172605
0.136732
0.254207
0.252826
0.205905
0.151221
0.211362
0.120805
0.264531
0.219492
0.316976
0.306697
0.478644
0.443317
0.404404
0.632160
0.440778
0.409816
0.602056
0.280803
0.675383
0.497043
0.353017
0.320752
0.305728
0.317400
0.665683
0.584582
0.455880
0.476918
0.269989
0.371493
0.408569
0.220807
0.334117
0.400372
0.320574
0.349620
0.382285
0.371014
