0.534819
0.394986
0.358217
0.445125
0.308078
0.234540
0.477437
0.349861
0.706407
0.542618
0.176602
0.543733
0.666295
0.293036
0.694150
0.362117
0.314763
0.792758
0.718106
0.521448
0.183844
0.378273
0.505850
0.456267
0.732591
0.376045
0.419499
0.413928
0.298607
0.172145
0.265738
0.414485
0.907521
0.406128
0.320891
0.436212
0.278552
0.275209
0.315877
0.279666
0.809471
0.315877
0.372145
0.425627
0.000000
0.105850
0.244011
0.233426
0.394986
0.110864
0.215599
0.285794
0.054596
0.256267
0.189972
0.416156
0.495822
1.000000
0.289136
0.408914
