0.462317
0.419584
0.744802
0.507022
0.521133
0.423459
0.594316
0.770050
0.629632
0.563577
0.815000
0.534330
0.465536
0.471116
0.593859
0.451793
0.591197
0.555647
0.597479
0.539409
0.695230
0.674337
0.685474
0.947243
0.625578
0.744846
0.770050
0.514027
0.970141
0.866977
0.655604
0.661740
0.715800
0.682712
1.000000
0.974941
0.796645
0.821337
0.521979
0.677511
0.763056
0.490940
0.729856
0.814911
0.597768
0.622081
0.767032
0.720055
0.630367
0.647340
0.777111
0.686521
0.430353
0.809364
0.805711
0.828966
0.661273
0.842386
0.689394
0.995534
