0.096397
0.326039
0.068283
0.128651
0.148258
0.197844
0.550359
0.150123
0.811846
0.348058
0.465517
0.139068
0.063688
0.040579
0.108498
0.057047
0.083568
0.197480
0.175234
0.197480
0.136521
0.113047
0.102038
0.112729
0.328087
0.423119
0.080020
0.098126
0.087481
0.149986
0.202438
0.177463
0.026658
0.067510
0.139523
0.123829
0.050268
0.041125
0.092712
0.161041
0.123601
0.063507
0.392730
0.098899
0.121599
0.101902
0.000000
0.189428
0.125694
0.062005
0.193158
0.126422
0.103767
0.336048
0.338004
0.009326
0.072878
0.371486
0.112228
0.334410
