0.544361
0.500251
0.347368
0.461153
0.285213
0.294737
0.489724
0.366416
0.695739
0.520802
0.388972
0.492732
0.557393
0.305263
0.701253
0.344361
0.257644
0.717794
0.768421
0.473183
0.152882
0.386967
0.471178
0.444110
0.713283
0.500752
0.388972
0.363910
0.310777
0.198997
0.282206
0.365414
0.865163
0.401003
0.300251
0.402506
0.309774
0.319298
0.254135
0.266165
0.792481
0.273183
0.416541
0.404511
0.000000
0.130827
0.252632
0.213033
0.343358
0.148371
0.220551
0.283709
0.000501
0.241103
0.304261
0.416040
0.405013
1.000000
0.298246
0.387469
