0.527063
0.162126
0.629259
0.213567
0.392433
0.820791
0.428105
0.501000
0.691427
0.434057
0.131423
0.399908
0.518724
0.470908
0.750850
0.508444
0.865325
0.756758
0.841216
0.605702
1.000000
0.000000
0.814242
0.642493
0.941323
0.587217
0.687936
0.231008
0.546324
0.447276
0.885033
0.327475
0.536373
0.205854
0.415752
0.476025
0.288029
0.359924
0.565331
0.544041
0.686325
0.713478
0.448544
0.402429
0.685728
0.535881
0.288118
0.412156
0.361118
0.357000
0.720102
0.644193
0.595676
0.578370
0.196545
0.530778
0.696455
0.205183
0.499970
0.776735
