0.422461
0.087922
0.442814
0.617367
0.683903
0.749509
0.877157
0.767331
0.715880
0.638237
0.068705
0.756793
0.982023
0.630644
0.749923
0.817956
0.807366
0.561732
0.501291
0.575783
0.566381
0.663705
0.693977
0.757310
0.592107
0.182250
0.628991
0.865120
0.591125
0.515859
0.647794
0.520405
0.814444
0.630127
0.597479
0.650635
0.672848
0.845077
0.765730
0.680184
0.768674
0.673985
0.786806
0.642887
0.621242
0.596084
0.728691
0.866205
1.000000
0.772807
0.673417
0.734528
0.750077
0.729569
0.180752
0.901539
0.721356
0.755605
0.718669
0.795227
