0.831148
0.005066
0.868160
0.894696
0.852402
0.873194
0.859523
0.857286
0.825168
0.908109
0.000000
0.846486
0.878207
0.846336
0.930697
0.949822
0.944648
0.878078
0.870365
0.923480
0.897030
0.919973
0.928976
0.850466
0.922878
0.016866
0.856673
0.881079
0.796825
0.838731
0.881616
0.868580
0.837677
0.860158
0.900945
0.847691
0.890157
0.845820
0.866751
0.936828
0.838742
0.909153
0.930321
0.919446
0.941895
0.942712
0.912713
0.841528
0.835590
0.948725
0.898568
0.883843
1.000000
0.928611
0.012467
0.866956
0.902613
0.728254
0.866751
0.884370
