0.011769
0.010846
0.011783
0.011773
0.011814
0.011809
0.011790
0.011817
0.011778
0.011876
0.010820
0.011911
0.011819
0.011793
0.011785
0.011815
0.011896
0.011808
0.011757
0.011927
0.011927
0.011876
0.011811
0.011829
0.011824
0.010867
0.011907
0.011877
0.011849
0.011847
0.011934
0.011896
0.011746
0.011762
0.011893
0.011833
0.011802
0.011858
0.011903
0.011894
0.011796
0.011894
0.011863
0.011866
0.011942
0.011860
0.011803
0.011920
0.011919
0.011926
0.011952
0.011922
0.011965
0.011913
0.010934
0.011854
0.011898
0.011733
0.011851
0.011787
