0.021204
0.026252
0.020586
0.021913
0.022344
0.023434
0.031183
0.022385
0.036931
0.026736
0.029318
0.022142
0.020485
0.019977
0.021470
0.020339
0.020922
0.023426
0.022937
0.023426
0.022086
0.021570
0.021328
0.021563
0.026297
0.028386
0.020844
0.021242
0.021008
0.022382
0.023535
0.022986
0.019671
0.020569
0.022152
0.021807
0.020190
0.019989
0.021123
0.022625
0.021802
0.020481
0.027718
0.021259
0.021758
0.021325
0.019085
0.023249
0.021848
0.020448
0.023331
0.021864
0.021366
0.026472
0.026515
0.019290
0.020687
0.027251
0.021552
0.026436
