0.003051
0.002800
0.002734
0.002890
0.002644
0.002512
0.002948
0.002719
0.003359
0.003065
0.002408
0.003067
0.003287
0.002617
0.003337
0.002741
0.002656
0.003514
0.003380
0.003027
0.002421
0.002770
0.002999
0.002910
0.003406
0.002766
0.002844
0.002834
0.002627
0.002400
0.002568
0.002835
0.003720
0.002820
0.002667
0.002874
0.002591
0.002585
0.002658
0.002593
0.003544
0.002658
0.002759
0.002855
0.002091
0.002281
0.002529
0.002510
0.002800
0.002290
0.002478
0.002604
0.002189
0.002551
0.002432
0.002838
0.002981
0.003886
0.002610
0.002825
