0.094094
0.090257
0.119458
0.098108
0.099375
0.090605
0.105946
0.121725
0.109117
0.103186
0.125761
0.100560
0.094383
0.094884
0.105905
0.093149
0.105666
0.102474
0.106230
0.101016
0.115007
0.113131
0.114131
0.137635
0.108753
0.119462
0.121725
0.098737
0.139691
0.130428
0.111449
0.112000
0.116854
0.113883
0.142372
0.140122
0.124113
0.126330
0.099451
0.113416
0.121097
0.096664
0.118116
0.125753
0.106256
0.108439
0.121454
0.117236
0.109183
0.110707
0.122359
0.114225
0.091224
0.125255
0.124927
0.127015
0.111958
0.128220
0.114483
0.141971
