0.004711
0.004623
0.004318
0.004545
0.004194
0.004213
0.004602
0.004356
0.005013
0.004664
0.004401
0.004608
0.004737
0.004234
0.005024
0.004312
0.004139
0.005057
0.005158
0.004569
0.003930
0.004397
0.004565
0.004511
0.005048
0.004624
0.004401
0.004351
0.004245
0.004022
0.004188
0.004354
0.005351
0.004425
0.004224
0.004428
0.004243
0.004262
0.004132
0.004156
0.005206
0.004170
0.004456
0.004432
0.003625
0.003886
0.004129
0.004050
0.004310
0.003921
0.004065
0.004191
0.003626
0.004106
0.004232
0.004455
0.004433
0.005620
0.004220
0.004398
