5727.000000
5840.000000
5734.000000
5694.000000
5720.000000
5722.000000
5607.000000
5694.000000
5603.000000
5629.000000
5861.000000
5669.000000
5710.000000
5709.000000
5652.000000
5708.000000
5695.000000
5664.000000
5690.000000
5685.000000
5713.000000
5705.000000
5687.000000
5707.000000
5722.000000
5847.000000
5695.000000
5720.000000
5704.000000
5709.000000
5680.000000
5713.000000
5635.000000
5710.000000
5711.000000
5683.000000
5695.000000
5660.000000
5715.000000
5693.000000
5711.000000
5698.000000
5650.000000
5675.000000
5750.000000
5736.000000
5697.000000
5720.000000
5740.000000
5694.000000
5703.000000
5703.000000
5736.000000
5648.000000
5892.000000
5704.000000
5717.000000
5623.000000
5723.000000
5631.000000
