1124.413940
1444.792725
1202.558105
1362.545654
1140.667480
1385.304443
1174.950195
1226.411011
1157.126709
3644.444092
2095.531494
1179.583496
1463.231445
1581.196533
1574.951782
1614.789917
1619.479980
1187.828491
1784.450439
1397.784424
1415.388794
1877.134033
1368.522705
1356.842529
1238.926758
1716.642944
1791.435059
1203.953125
1342.295166
1405.579224
1196.011597
1059.395874
1111.703247
1265.151245
1475.962280
1522.804932
1227.854126
1207.568970
1420.935791
1428.963013
1428.369507
934.392273
1354.589844
1441.098755
1761.785400
1358.230103
1233.197388
1178.055542
1300.805176
1372.188721
1164.642456
1338.882202
1380.175293
1188.382202
946.905396
1260.683472
1286.879761
1276.925293
1072.132080
1284.715088
