0.015540
0.008562
0.015870
0.019494
0.020629
0.022020
0.025147
0.022480
0.021953
0.020075
0.008190
0.022226
0.026795
0.019793
0.022470
0.023476
0.023178
0.018362
0.017223
0.018470
0.018204
0.020333
0.021101
0.022253
0.018875
0.010433
0.019666
0.024301
0.018934
0.017341
0.019894
0.017329
0.023780
0.019790
0.018911
0.020236
0.020720
0.024205
0.022222
0.020552
0.022588
0.020534
0.023009
0.019912
0.019130
0.018828
0.021766
0.024126
0.026829
0.022480
0.020165
0.021568
0.021618
0.021601
0.010183
0.025245
0.021340
0.022764
0.021317
0.023442
