1497.788818
2896.821533
1346.290161
1362.545654
1519.416382
1385.304443
1728.186646
1481.691528
1320.145386
3644.444092
2108.534180
1483.016479
1722.365356
1581.196533
1574.951782
1614.789917
1619.479980
1450.163330
1784.450439
1789.219849
1415.388794
1877.134033
1654.540649
1356.842529
1448.884888
1716.642944
1791.435059
1227.660400
1342.295166
1405.579224
1311.418579
2441.345703
1268.897095
1750.380493
1489.264404
2644.579102
1227.854126
1207.568970
1685.022461
1428.963013
1428.369507
1535.453979
1614.749023
1513.825195
1761.785400
1358.230103
1395.867920
1450.322144
1804.203247
1547.198364
1164.642456
1338.882202
1380.175293
1347.542480
1182.661865
1613.824097
1301.720947
1276.925293
1300.896240
1345.692871
