0.014895
0.008419
0.015289
0.018668
0.019956
0.021226
0.023697
0.021571
0.020575
0.019072
0.008047
0.021367
0.025727
0.018925
0.021234
0.022551
0.022346
0.017591
0.016421
0.017863
0.017681
0.019565
0.020151
0.021377
0.018179
0.010245
0.018893
0.023464
0.018160
0.016703
0.019257
0.016791
0.022483
0.018915
0.018283
0.019312
0.019742
0.023076
0.021540
0.019884
0.021597
0.019764
0.021948
0.019162
0.018743
0.018256
0.020823
0.023485
0.026075
0.021677
0.019753
0.020936
0.021237
0.020840
0.010216
0.024169
0.020681
0.021344
0.020629
0.022111
