0.397765
0.362842
0.402860
0.376185
0.384790
0.415938
0.397539
0.395504
0.418526
0.394742
0.361031
0.387723
0.396497
0.394815
0.419321
0.395585
0.418964
0.414018
0.421968
0.399648
0.425171
0.359509
0.419378
0.404941
0.424677
0.392338
0.408077
0.374301
0.398843
0.390261
0.418662
0.379660
0.403904
0.376357
0.386622
0.395918
0.383319
0.388163
0.395976
0.395222
0.409911
0.409091
0.394159
0.387489
0.400000
0.393828
0.381780
0.383741
0.380836
0.383562
0.402420
0.400842
0.392782
0.398725
0.357943
0.398492
0.405108
0.383603
0.392102
0.421950
