0.000005
0.000018
0.000009
0.000020
0.000026
0.000049
0.000069
0.000007
0.000010
0.000034
0.000008
0.000009
0.000012
0.000023
0.000005
0.000015
0.000007
0.000008
0.000026
0.000009
0.000046
0.000030
0.000009
0.000006
0.000010
0.000032
0.000019
0.000031
0.000023
0.000034
0.000041
0.000027
0.000008
0.000010
0.000015
0.000026
0.000015
0.000036
0.000021
0.000015
0.000017
0.000102
0.000016
0.000009
0.000025
0.000028
0.000012
0.000005
0.000008
0.000005
0.000034
0.000029
0.000032
0.000014
0.000010
0.000006
0.000012
0.000008
0.000023
0.000015
