0.381255
0.356794
0.388105
0.360242
0.372231
0.400943
0.374622
0.379508
0.392272
0.375021
0.354736
0.372732
0.380696
0.377491
0.396255
0.380007
0.403928
0.396651
0.402312
0.386526
0.412955
0.345927
0.400504
0.388992
0.409022
0.385287
0.392038
0.361411
0.382546
0.375907
0.405249
0.367877
0.381879
0.359725
0.373794
0.377834
0.365233
0.370052
0.383820
0.382393
0.391930
0.393750
0.375992
0.372901
0.391890
0.381846
0.365239
0.373553
0.370132
0.369856
0.394194
0.389106
0.385854
0.384694
0.359101
0.381504
0.392609
0.359680
0.379439
0.397990
