0.107782
0.030982
0.111223
0.113690
0.109758
0.111691
0.110420
0.110212
0.107226
0.114937
0.030511
0.109208
0.112157
0.109194
0.117037
0.118815
0.118334
0.112145
0.111428
0.116366
0.113907
0.116040
0.116877
0.109578
0.116310
0.032079
0.110155
0.112424
0.104591
0.108487
0.112474
0.111262
0.108389
0.110479
0.114271
0.109320
0.113268
0.109146
0.111092
0.117607
0.108488
0.115034
0.117002
0.115991
0.118078
0.118154
0.115365
0.108747
0.108195
0.118713
0.114050
0.112681
0.123480
0.116843
0.031670
0.111111
0.114426
0.098216
0.111092
0.112730
