0.112450
0.031507
0.115452
0.118721
0.113462
0.115869
0.117175
0.114858
0.114403
0.120981
0.031053
0.113600
0.116813
0.114206
0.123850
0.123686
0.122739
0.117055
0.116872
0.120317
0.117276
0.120596
0.122384
0.114070
0.120762
0.032666
0.114662
0.116434
0.109046
0.112629
0.116197
0.114826
0.114641
0.115587
0.118193
0.114552
0.118876
0.114488
0.114611
0.121553
0.113465
0.119516
0.122655
0.120529
0.120522
0.121862
0.120590
0.111713
0.111324
0.123112
0.116430
0.116079
0.125697
0.121105
0.031568
0.116059
0.118069
0.104748
0.114800
0.119517
