0.457392
0.659573
0.467385
0.509701
0.470210
0.489897
0.533691
0.462668
0.441930
0.460663
0.651921
0.437655
0.427153
0.484201
0.514474
0.466525
0.439320
0.438623
0.443848
0.481420
0.433062
0.435995
0.468303
0.460421
0.445679
0.633585
0.516030
0.449730
0.514213
0.476942
0.441240
0.595401
0.454583
0.463626
0.457046
0.468628
0.457210
0.471315
0.483836
0.497069
0.486122
0.429228
0.434888
0.469243
0.498811
0.470447
0.531003
0.507158
0.419584
0.456157
0.456804
0.477945
0.452088
0.434499
0.634332
0.487088
0.494419
0.529130
0.465466
0.458919
