0.011476
0.011491
0.011411
0.011524
0.011428
0.011411
0.011538
0.011537
0.011527
0.011476
0.011525
0.011524
0.011404
0.011543
0.011537
0.011523
0.011518
0.011547
0.011522
0.011514
0.011501
0.011421
0.011479
0.011468
0.011473
0.011504
0.011488
0.011484
0.011575
0.011560
0.011562
0.011469
0.011546
0.011460
0.011496
0.011520
0.011450
0.011529
0.011392
0.011486
0.011518
0.011456
0.011493
0.011420
0.011436
0.011478
0.011516
0.011453
0.011524
0.011411
0.011419
0.011477
0.011515
0.011492
0.011515
0.011512
0.011490
0.011449
0.011463
0.011420
