0.003267
0.002641
0.002647
0.002822
0.002608
0.002502
0.002288
0.002538
0.002715
0.002324
0.002376
0.002335
0.002843
0.003188
0.003111
0.002293
0.002603
0.001931
0.002841
0.002816
0.002284
0.002645
0.003004
0.001925
0.002990
0.003477
0.003215
0.002271
0.001868
0.001976
0.002297
0.002530
0.002107
0.002626
0.002599
0.002555
0.001986
0.003319
0.002434
0.002452
0.002330
0.002540
0.002222
0.002256
0.002547
0.002667
0.002328
0.002980
0.001923
0.002494
0.002017
0.002328
0.001955
0.002138
0.002355
0.002431
0.003093
0.002490
0.002290
0.002738
