0.004494
0.004114
0.004006
0.004431
0.003667
0.003782
0.003522
0.003913
0.003893
0.003645
0.003710
0.003420
0.004138
0.003996
0.004322
0.003719
0.004170
0.003264
0.003727
0.004055
0.003544
0.004062
0.004000
0.003502
0.004049
0.004756
0.004185
0.003553
0.003192
0.003345
0.003478
0.003751
0.003459
0.004043
0.003923
0.003834
0.003717
0.004452
0.003960
0.003899
0.003517
0.003787
0.003483
0.003698
0.003682
0.004119
0.003666
0.004191
0.003354
0.003866
0.003521
0.003698
0.003195
0.003549
0.003500
0.003589
0.004117
0.003681
0.003940
0.004049
