0.019762
0.019896
0.019654
0.021179
0.017159
0.018379
0.018139
0.024462
0.017886
0.016775
0.017568
0.015622
0.022704
0.015888
0.018727
0.018798
0.019552
0.021591
0.016200
0.019908
0.018121
0.020534
0.017911
0.023015
0.019193
0.022292
0.019404
0.018134
0.021343
0.017292
0.022418
0.018484
0.017305
0.021488
0.018187
0.018849
0.019216
0.019610
0.018994
0.018787
0.018549
0.018067
0.016651
0.018602
0.017996
0.020693
0.018392
0.019989
0.018864
0.018786
0.022183
0.018562
0.015254
0.017632
0.018199
0.017059
0.018428
0.017923
0.019446
0.019223
