0.147746
0.112403
0.161508
0.113327
0.169361
0.118395
0.140248
0.089250
0.127267
0.126729
0.106433
0.090651
0.162880
0.127947
0.177740
0.153802
0.090772
0.091144
0.114109
0.084366
0.121604
0.093023
0.140202
0.117291
0.160685
0.159052
0.160744
0.163400
0.146019
0.116482
0.096208
0.099350
0.095427
0.094087
0.122313
0.084668
0.066436
0.141734
0.075896
0.102675
0.175220
0.102525
0.140244
0.087777
0.145580
0.092209
0.135668
0.126396
0.103669
0.126923
0.162994
0.164684
0.092303
0.131802
0.096139
0.081554
0.071572
0.135452
0.121260
0.109014
