4550.000000
4571.000000
4583.000000
4603.000000
4543.000000
4565.000000
4533.000000
4534.000000
4541.000000
4521.000000
4519.000000
4514.000000
4579.000000
4456.000000
4553.000000
4545.000000
4584.000000
4512.000000
4488.000000
4532.000000
4539.000000
4556.000000
4516.000000
4572.000000
4516.000000
4586.000000
4525.000000
4558.000000
4534.000000
4494.000000
4520.000000
4535.000000
4527.000000
4555.000000
4548.000000
4537.000000
4586.000000
4551.000000
4593.000000
4544.000000
4518.000000
4546.000000
4513.000000
4563.000000
4530.000000
4574.000000
4528.000000
4540.000000
4513.000000
4579.000000
4602.000000
4559.000000
4537.000000
4562.000000
4524.000000
4511.000000
4513.000000
4556.000000
4606.000000
4566.000000
