4200.000000
4179.000000
4209.000000
4193.000000
4185.000000
4187.000000
4184.000000
4183.000000
4189.000000
4190.000000
4183.000000
4195.000000
4195.000000
4203.000000
4200.000000
4201.000000
4192.000000
4196.000000
4184.000000
4201.000000
4201.000000
4186.000000
4209.000000
4181.000000
4199.000000
4176.000000
4212.000000
4194.000000
4195.000000
4186.000000
4173.000000
4203.000000
4189.000000
4174.000000
4189.000000
4195.000000
4183.000000
4173.000000
4184.000000
4184.000000
4181.000000
4179.000000
4185.000000
4196.000000
4187.000000
4187.000000
4182.000000
4200.000000
4186.000000
4201.000000
4196.000000
4174.000000
4192.000000
4203.000000
4165.000000
4196.000000
4197.000000
4194.000000
4173.000000
4189.000000
