0.001758
0.000875
0.001527
0.001955
0.003302
0.001314
0.002647
0.003749
0.002643
0.001770
0.002213
0.001772
0.003057
0.002244
0.002636
0.002640
0.002400
0.002881
0.002228
0.002207
0.002423
0.002414
0.002214
0.003281
0.002214
0.001744
0.001326
0.003510
0.004852
0.002670
0.003540
0.002205
0.002209
0.002854
0.002419
0.002865
0.003489
0.002197
0.003266
0.002861
0.003099
0.002200
0.002659
0.002192
0.003311
0.002405
0.003975
0.001322
0.002659
0.001747
0.002390
0.001755
0.003306
0.001754
0.002210
0.003325
0.001773
0.002634
0.003474
0.001752
