3289.096191
2128.238037
2578.382568
2842.141602
2481.911377
2528.215576
2490.170410
3197.875244
2431.318848
2454.156494
2568.121826
2287.082520
3021.526367
2809.071777
2711.831543
3240.087158
3062.509521
1847.646606
3106.937988
2656.746582
3053.811523
2666.175537
2944.267334
3265.975342
2720.888916
2982.934082
2248.429199
3060.314941
2133.060547
2221.081787
2546.420410
2594.121582
2673.343750
2694.598389
3312.726074
2393.166260
3035.225342
2533.368896
3003.348877
2413.295654
2556.727539
2439.750000
2807.095459
2282.576660
2878.918457
2447.591064
2968.410156
3492.036621
2750.319092
2363.502930
3104.264893
2307.716064
2719.267090
2602.981934
2229.578613
2833.975342
2273.334961
2853.877197
3027.601318
2542.048828
