0.001905
0.000957
0.001663
0.002146
0.003584
0.001433
0.002868
0.004064
0.002865
0.001909
0.002391
0.001907
0.003337
0.002379
0.002857
0.002856
0.002624
0.003098
0.002390
0.002380
0.002618
0.002628
0.002376
0.003588
0.002382
0.001916
0.001425
0.003815
0.005244
0.002867
0.003834
0.002379
0.002387
0.003115
0.002626
0.003099
0.003825
0.002396
0.003585
0.003107
0.003348
0.002393
0.002867
0.002383
0.003583
0.002627
0.004304
0.001429
0.002867
0.001904
0.002622
0.001917
0.003578
0.001903
0.002401
0.003575
0.001906
0.002861
0.003834
0.001910
