2219.786865
2128.238037
2578.382568
2446.718750
2360.740479
2528.215576
2353.586182
1568.464478
2381.323975
2454.156494
2568.121826
2287.082520
2000.466187
2212.031738
2711.831543
2212.901855
1435.807617
1847.646606
3106.937988
2656.746582
1554.802124
2666.175537
2479.624756
3265.975342
2720.888916
2982.934082
2248.429199
1785.318604
1522.995117
2221.081787
2298.134277
2594.121582
2673.343750
1536.751709
3312.726074
2006.950562
2059.178711
2533.368896
2218.770996
2413.295654
2556.727539
2439.750000
2421.877197
2282.576660
1532.192383
2447.591064
2968.410156
3492.036621
2275.587891
2363.502930
1968.939453
2264.910400
2719.267090
2602.981934
1665.915161
2833.975342
2273.334961
2853.877197
1763.659424
2542.048828
