0.000011
0.000024
0.000019
0.000012
0.000022
0.000038
0.000011
0.000022
0.000013
0.000018
0.000017
0.000018
0.000017
0.000016
0.000018
0.000011
0.000014
0.000015
0.000021
0.000016
0.000009
0.000010
0.000056
0.000013
0.000011
0.000032
0.000011
0.000014
0.000009
0.000013
0.000013
0.000014
0.000007
0.000012
0.000020
0.000015
0.000025
0.000012
0.000012
0.000015
0.000014
0.000022
0.000013
0.000015
0.000017
0.000013
0.000032
0.000009
0.000025
0.000018
0.000013
0.000012
0.000012
0.000016
0.000055
0.000010
0.000011
0.000013
0.000015
0.000011
