0.400000
0.411507
0.400611
0.397350
0.368919
0.384885
0.384734
0.357742
0.375468
0.389958
0.400752
0.389898
0.368858
0.413151
0.393147
0.396040
0.383944
0.329787
0.381684
0.396955
0.395021
0.409570
0.412090
0.331584
0.423826
0.392935
0.416575
0.369680
0.368108
0.412995
0.355531
0.417861
0.395847
0.393194
0.371812
0.373374
0.361317
0.398594
0.385587
0.412192
0.380699
0.411131
0.377797
0.371904
0.396026
0.414080
0.396864
0.411013
0.384667
0.417340
0.382660
0.399210
0.411505
0.388645
0.375332
0.390822
0.425881
0.409131
0.379288
0.408892
