0.433333
0.450108
0.436208
0.436203
0.400478
0.419632
0.416826
0.387760
0.407018
0.420764
0.432943
0.419547
0.402622
0.438020
0.426190
0.428469
0.419847
0.354623
0.409417
0.428231
0.426803
0.445772
0.442148
0.362593
0.455823
0.431513
0.447531
0.401764
0.397855
0.443383
0.385095
0.450868
0.427787
0.429085
0.403676
0.403814
0.396127
0.434699
0.423279
0.447658
0.411385
0.447236
0.407407
0.404433
0.428469
0.452353
0.429699
0.444286
0.414716
0.454892
0.419685
0.436033
0.445372
0.421842
0.407683
0.420162
0.457946
0.444444
0.418644
0.445691
