0.068095
0.072266
0.065574
0.068686
0.068339
0.067112
0.066922
0.070763
0.066364
0.068735
0.062874
0.067700
0.065554
0.068047
0.069762
0.065223
0.068225
0.065539
0.068356
0.065937
0.067127
0.069517
0.065574
0.070318
0.066921
0.068966
0.069088
0.072485
0.068176
0.067129
0.068296
0.067809
0.064216
0.067801
0.070900
0.066269
0.066938
0.069974
0.077199
0.069790
0.066970
0.069634
0.064038
0.062917
0.068068
0.068784
0.069345
0.072143
0.070234
0.068079
0.065300
0.074269
0.067032
0.070188
0.069628
0.070067
0.065523
0.065093
0.069494
0.070423
