0.062857
0.066069
0.060223
0.062568
0.062954
0.061555
0.061769
0.065285
0.061220
0.063703
0.058199
0.062915
0.060057
0.064183
0.064353
0.060286
0.062391
0.060949
0.063725
0.061121
0.062128
0.063872
0.061116
0.064304
0.062223
0.062800
0.064309
0.066696
0.063079
0.062528
0.063053
0.062845
0.059421
0.062130
0.065303
0.061274
0.061055
0.064162
0.070324
0.064261
0.061974
0.064012
0.059384
0.057857
0.062914
0.062965
0.064046
0.066740
0.065145
0.062459
0.059539
0.067997
0.061935
0.064665
0.064103
0.065174
0.060935
0.059921
0.062961
0.064608
