0.615367
0.441813
0.658468
0.647981
0.461655
0.433801
0.533376
0.423680
0.437417
0.520446
0.471800
0.470817
0.606327
0.654032
0.543699
0.520852
0.508785
0.487560
0.434168
0.463963
0.500804
0.466513
0.508644
0.563997
0.653152
0.662362
0.527587
0.474104
0.509490
0.509699
0.552284
0.640899
0.603243
0.486823
0.457490
0.462535
0.514291
0.593390
0.499109
0.578309
0.534198
0.438033
0.555923
0.491103
0.659235
0.532533
0.749690
0.485079
0.424076
0.493419
0.476273
0.615009
0.463986
0.643239
0.500050
0.632782
0.543182
0.435620
0.441106
0.445302
